"Datum" "Date" "P" "Rohr" "Uhrzeit_der_Entnahme" "Wasserstand_unter_Flur_m" "wl" "Entnahmetiefe_m" "Temp" "pH" "ec" "SBV" "Cl" "O2" "O2percent" "COD" "oPO4" "TN" "NO3" "NO2" "NH4" "NO3_in_TN" "NO2_in_TN" "NH4_in_TN" "partMatter" "partOrganics" "COD_KMnO4" "remark" "CO2" "TOC_estimated_mg_L" "DOC_estimated_mg_L" "DOC_estimated_from_TOC" "ProbeRohr" "well_depth" "month_year_date" "sampl" "TS" "AS" "OS" "easting" "northing" "disttowater" "disttoFulda"
"29252" 1980-02-01 "P01" NA NA 0.04 NA 4.5 7.8 6.89 323 1.72 30.4 2.71 23.5 3.7 5 4150 3710 42 400 NA NA NA 24.7 5.5 NA NA NA 1.3875 0.8875 0.41625 NA "P01" "021980" "P01_021980" 39.59 30.83 8.76 547498.962188591 5597801.56346088 15.7520116309279 197.921006683123
"29252" 1980-02-01 "P03" NA NA 0.11 NA 3.9 3.9 7.03 243 1.47 20.9 4.89 38.4 6.5 46 4230 4130 9 90 97.7 0.2 2.1 215 21 NA NA NA 2.4375 0.528409090909091 0.73125 NA "P03" "021980" "P03_021980" 248.32 223.47 24.84 547560.433839313 5597833.57810824 11.4637509679278 134.609685300649
"29252" 1980-02-01 "P09" NA NA 0.19 NA 3.6 4.7 6.72 205 0.82 12.4 4.95 38.7 4.6 12 13200 13000 18 205 98.3 0.1 1.6 108 17 NA NA NA 1.725 0.179545454545454 0.5175 NA "P09" "021980" "P09_021980" 128.3 108.5 19.81 547553.113685783 5597640.34369399 83.1112019991984 177.298630876248
"29252" 1980-02-01 "P11" NA NA 0.44 NA 2.6 5.8 6.68 468 1.53 58.8 3.77 31.3 1.8 2 3810 3750 14 50 NA NA NA 192 27 NA NA NA 0.675 -1.77954545454545 0.2025 NA "P11" "021980" "P11_021980" 268.93 230.86 38.07 547659.829176992 5597925.38870853 25.2460520856778 25.2460520856778
"29252" 1980-02-01 "P24" NA NA 0.05 NA 3.5 6.6 7.26 936 4.02 122.5 1.48 12.5 3.4 3 250 0 12 240 NA NA NA 393 23 NA NA NA 1.275 -0.815909090909091 0.3825 NA "P24" "021980" "P24_021980" 460.53 433.44 27.08 547383.603624541 5597620.14712582 5.50142533739456 342.890974516111
"29252" 1980-02-01 "P25" NA NA 0.27 NA 4.9 7.7 6.6 233 1.28 24.8 1.35 11.7 3.7 2 480 300 23 155 NA NA NA 329 16 NA NA NA 1.3875 -0.0670454545454545 0.41625 NA "P25" "021980" "P25_021980" 381.16 362.22 18.94 547416.500218112 5597383.87373661 6.69597931636695 443.148617361448
"29252" 1980-02-01 "P26" NA NA 0.39 NA 4.55 1.8 6.71 212 0.91 17 9.57 70.5 4 50 9800 9630 9 160 NA NA NA 233 25 NA NA NA 1.5 -0.772727272727273 0.45 NA "P26" "021980" "P26_021980" NA NA NA 547230.674152015 5597626.93811162 118.938984402101 489.947582775275
"29252" 1980-02-01 "P28" NA NA 1 NA 5.1 8.2 6.88 408 1.84 47.8 7.53 66 2.8 24 14000 13800 5 160 NA NA NA 425 26 NA NA NA 1.05 -1.31363636363636 0.315 NA "P28" "021980" "P28_021980" 525.12 495.39 31.73 547076.950927902 5597619.79434734 235.275365930542 642.263131525091
"29252" 1980-02-01 "Ful" NA NA NA NA NA 4.6 7.24 277 0.69 52.4 NA NA 4.3 82 NA 3570 29 145 NA NA NA NA NA NA NA NA 1.6125 NA 0.48375 NA "Ful" "021980" "Ful_021980" NA NA NA 547759.094909668 5597688.33331299 0 2.33465325998646e-09
"29252" 1980-02-01 "Sei" NA NA NA NA NA 4.9 7.1 216 0.74 21.2 NA NA 5.2 107 NA 5540 31 150 NA NA NA NA NA NA NA NA 1.95 NA 0.585 NA "Sei" "021980" "Sei_021980" NA NA NA 547768.354841584 5597643.29771444 0 4
"1979-01-01" 1979-01-01 "P26" "1" NA NA NA NA NA NA NA NA NA NA NA NA NA NA NA NA NA NA NA NA NA NA NA NA NA NA NA NA "1" "P26_1" "011979" "P26_1_011979" NA NA NA 547230.674152015 5597626.93811162 118.938984402101 489.947582775275
"1979-01-29" 1979-01-29 "P26" "2" "0.3576388888888889" NA NA 2.3 4.9 6.56 346 0.78 65.7 9.19 74 1.2 6 1190 920 3 255 78.0984719864177 0.254668930390492 21.6468590831918 NA NA NA NA NA 0.45 NA 0.135 "2" "P26_2" "011979" "P26_2_011979" NA NA NA 547230.674152015 5597626.93811162 118.938984402101 489.947582775275
"1979-01-29" 1979-01-29 "P26" "3" "0.36805555555555558" NA NA 3 6.8 6.7 378 2.18 46.6 3.49 30 0.8 2 1300 1240 6 55 95.3112990007686 0.461183704842429 4.22751729438893 327 29 NA NA NA 0.3 -2.33636363636364 0.09 "3" "P26_3" "011979" "P26_3_011979" NA NA NA 547230.674152015 5597626.93811162 118.938984402101 489.947582775275
"1979-01-29" 1979-01-29 "P26" "4" "0.37847222222222227" NA NA 3 6.9 6.63 352 1.82 52.8 3.17 27 0.8 1 700 610 0.5 90 87.0806566738044 0.0713775874375446 12.847965738758 74 18 NA NA NA 0.3 -1.33636363636364 0.09 "4" "P26_4" "011979" "P26_4_011979" NA NA NA 547230.674152015 5597626.93811162 118.938984402101 489.947582775275
"1979-01-29" 1979-01-29 "P26" "5" "0.3888888888888889" NA NA 4 8.3 7.13 467 3.4 38.3 4.26 37 0.2 7 3560 3530 0 30 99.1573033707865 0 0.842696629213483 71 15 NA NA NA 0.075 -1.28863636363636 0.0225 "5" "P26_5" "011979" "P26_5_011979" NA NA NA 547230.674152015 5597626.93811162 118.938984402101 489.947582775275
"1979-01-24" 1979-01-24 "Ful" NA "0.3576388888888889" NA NA NA 1.7 7.47 461 1.46 117.6 NA NA 2.3 345 5260 3700 56 1500 70.3957382039574 1.06544901065449 28.5388127853881 NA NA NA NA NA 0.8625 NA 0.25875 NA "Ful" "011979" "Ful_011979" NA NA NA 547759.094909668 5597688.33331299 0 2.33465325998646e-09
"1979-01-24" 1979-01-24 "Sei" NA "0.35069444444444442" NA NA NA 0 7.42 517 1.74 123.6 NA NA 6.2 405 6560 3590 40 2930 54.7256097560976 0.609756097560976 44.6646341463415 NA NA NA NA NA 2.325 NA 0.6975 NA "Sei" "011979" "Sei_011979" NA NA NA 547768.354841584 5597643.29771444 0 4
"1979-01-24" 1979-01-24 "P01" NA "0.38194444444444442" 1.48 NA 4.5 7.4 6.62 653 1.92 89.4 1.75 15 2.3 2 5500 5390 87 25 97.9643765903308 1.58124318429662 0.454380225372592 19.4 5.5 NA NA NA 0.8625 0.3625 0.25875 NA "P01" "011979" "P01_011979" 20.1 14.4 5.7 547498.962188591 5597801.56346088 15.7520116309279 197.921006683123
"1979-01-22" 1979-01-22 "P03" NA "0.3923611111111111" 1.91 NA 3.9 4.5 6.94 334 2.21 87.3 2.43 19 1.8 84 3610 3540 9 60 98.0881130507066 0.249376558603491 1.66251039068994 36.6 8.9 NA NA NA 0.675 -0.134090909090909 0.2025 NA "P03" "011979" "P03_011979" 46.055 33.835 12.22 547560.433839313 5597833.57810824 11.4637509679278 134.609685300649
"1979-01-26" 1979-01-26 "P04" NA "0.41666666666666669" 1.15 NA 3.8 6.8 7.1 350 3.82 26.2 2.35 20 1.4 3 190 100 6 85 52.3560209424084 3.1413612565445 44.5026178010471 584 52 NA NA NA 0.525 -4.20227272727273 0.1575 NA "P04" "011979" "P04_011979" 634.92 578.06 56.86 547799.529456393 5597213.6581184 83.3823591725279 171.421887733143
"1979-01-26" 1979-01-26 "P05" NA "0.4375" 1.07 NA 3.3 5.6 7.32 822 4.36 50.6 3.24 27 0.8 7 430 320 3 105 74.7663551401869 0.700934579439252 24.5327102803738 125 16 NA NA NA 0.3 -1.15454545454545 0.09 NA "P05" "011979" "P05_011979" 145.79 127.56 18.22 547771.483566968 5597426.91271157 135.964919243589 135.964919243589
"1979-01-23" 1979-01-23 "P07" NA "0.375" 0.6 NA 4.1 6.1 7.15 604 5.43 67.3 1 8.3 1.2 3 30 0 16 20 0 44.4444444444444 55.5555555555556 273 20 NA NA NA 0.45 -1.36818181818182 0.135 NA "P07" "011979" "P07_011979" 316.98 293.84 23.14 547621.729100792 5597291.44577397 212.634119292897 313.413206998357
"1979-01-23" 1979-01-23 "P08" NA "0.3923611111111111" 0.77 NA 3.75 7.5 7.17 374 3.07 34.3 1.3 11 1.4 4 140 15 6 120 10.6382978723404 4.25531914893617 85.1063829787234 49 8.2 NA NA NA 0.525 -0.220454545454545 0.1575 NA "P08" "011979" "P08_011979" 51.6 42.87 8.72 547597.916553167 5597489.88367085 63.9337749672504 247.655679007636
"1979-01-23" 1979-01-23 "P09" NA "0.41666666666666669" 1.49 NA 3.6 6.8 7.05 446 3.05 42.8 2 17 1.2 2 160 85 3 70 53.7974683544304 1.89873417721519 44.3037974683544 56 7.5 NA NA NA 0.45 -0.231818181818182 0.135 NA "P09" "011979" "P09_011979" 61.09 52.9 8.2 547553.113685783 5597640.34369399 83.1112019991984 177.298630876248
"1979-01-29" 1979-01-29 "P10" NA "0.43402777777777773" 2.66 NA 3.9 6.5 7.29 462 4.3 47.1 2.36 20 0.8 4 455 405 3 45 89.4039735099338 0.662251655629139 9.93377483443709 78 15 NA NA NA 0.3 -1.06363636363636 0.09 NA "P10" "011979" "P10_011979" 101.24 82.24 19 547661.416680167 5597787.80510003 42.0833938384613 42.0833938384613
"1979-01-24" 1979-01-24 "P11" NA "0.3611111111111111" 1.35 NA 2.5 6.3 6.84 328 1.92 47.7 3.63 30 1.2 2 470 385 25 60 81.9148936170213 5.31914893617021 12.7659574468085 269 20 NA NA NA 0.45 -1.36818181818182 0.135 NA "P11" "011979" "P11_011979" 365.58 337.96 27.62 547659.829176992 5597925.38870853 25.2460520856778 25.2460520856778
"1979-01-29" 1979-01-29 "P23" NA "0.46527777777777773" 1.77 NA 3.7 6.3 7.35 630 4.56 23.6 2.26 19 0.8 16 580 515 3 60 89.1003460207613 0.519031141868512 10.3806228373702 83 12 NA NA NA 0.3 -0.790909090909091 0.09 NA "P23" "011979" "P23_011979" 100.44 85.86 14.58 547296.290949916 5597953.96376568 268.971293943837 369.874657063021
"1979-01-18" 1979-01-18 "P24" NA "0.375" 0.94 NA 3.5 7.1 7.2 823 4.51 38 1.87 16 0.6 2 300 130 9 160 43.4782608695652 3.01003344481605 53.5117056856187 726 48 NA NA NA 0.225 -4.13863636363636 0.0675 NA "P24" "011979" "P24_011979" 759.8 709.29 50.51 547383.603624541 5597620.14712582 5.50142533739456 342.890974516111
"1979-01-29" 1979-01-29 "P25" NA "0.4201388888888889" 1.27 NA 5 8 6.7 346 3.16 31 0.74 6.5 2.5 18 735 340 9 385 46.3215258855586 1.22615803814714 52.4523160762943 442 24 NA NA NA 0.9375 -1.24431818181818 0.28125 NA "P25" "011979" "P25_011979" 485.89 458.98 26.91 547416.500218112 5597383.87373661 6.69597931636695 443.148617361448
"1979-01-22" 1979-01-22 "P26" NA "0.375" 2 NA 4.55 8.1 6.96 415 2.92 40.3 3.31 29 0.4 26 2530 2500 0.5 30 98.7947046038332 0.0197589409207666 1.185536455246 201 16 NA NA NA 0.15 -1.30454545454545 0.045 NA "P26" "011979" "P26_011979" NA NA NA 547230.674152015 5597626.93811162 118.938984402101 489.947582775275
"1979-01-29" 1979-01-29 "P27" NA "0.40625" 0.73 NA 4.2 6.8 7.05 1146 4.61 138.3 2.26 19 1 8 4880 4710 74 95 96.5361754457881 1.51670424267268 1.94712031153925 1014 46 NA NA NA 0.375 -3.80681818181818 0.1125 NA "P27" "011979" "P27_011979" 1101.89 1051.61 50.28 547181.46155359 5597345.77366041 14.1024545094393 648.73917502567
"1979-01-22" 1979-01-22 "P28" NA "0.34375" 2.79 NA 5.2 7.3 6.77 370 2.34 40 7.41 63 0.2 37 7120 7070 3 45 99.3256532733914 0.0421466704130374 0.632200056195561 518 34 NA NA NA 0.075 -3.01590909090909 0.0225 NA "P28" "011979" "P28_011979" 603.805 564.435 39.37 547076.950927902 5597619.79434734 235.275365930542 642.263131525091
"1979-01-26" 1979-01-26 "P32" NA "0.375" 1.95 NA 4.3 7 7.31 519 4.4 56.9 2.71 23 0.6 10 1470 1370 12 85 93.3878663940014 0.81799591002045 5.79413769597819 551 60 NA NA NA 0.225 -5.22954545454545 0.0675 NA "P32" "011979" "P32_011979" 604.95 538.58 66.37 547620.670765342 5597035.8577628 16.3935506166589 295.030902995258
"1977-09-19" 1977-09-19 "P01" NA NA 2.39 252.23 NA 10.8 6.69 1130 3.9 77.9 0 0 3.6 NA 2590 300 1.6 2290 12 0.1 88 NA NA 2.2 NA NA 1.35 NA 0.405 NA "P01" "091977" "P01_091977" NA NA NA 547498.962188591 5597801.56346088 15.7520116309279 197.921006683123
"1977-09-20" 1977-09-20 "P03" NA NA 2.82 251.82 3.1 NA 7.09 909 5.38 91.7 2.1 20 2.8 197 3710 0 1.6 3990 0 0.05 100 NA NA 1.8 NA NA 1.05 NA 0.315 NA "P03" "091977" "P03_091977" NA NA NA 547560.433839313 5597833.57810824 11.4637509679278 134.609685300649
"1977-09-19" 1977-09-19 "P08" NA NA 1.94 253.85 NA 12.1 6.77 496 2.34 44.8 0.85 8 5 2 4080 0 2.4 4850 0 0.1 100 NA NA 2.8 NA NA 1.875 NA 0.5625 NA "P08" "091977" "P08_091977" NA NA NA 547597.916553167 5597489.88367085 63.9337749672504 247.655679007636
"1977-09-20" 1977-09-20 "P09" NA NA 2.39 252.91 3.3 11.8 6.89 1220 3.13 24.6 0.07 1 1.2 NA 77 70 2.7 4 91 4 5 NA NA 0.9 "Ausfaellungen vor Analyse" NA 0.45 NA 0.135 NA "P09" "091977" "P09_091977" NA NA NA 547553.113685783 5597640.34369399 83.1112019991984 177.298630876248
"1977-09-20" 1977-09-20 "P10" NA NA 3.31 250.58 3.7 11.8 7.18 603 4.36 59.3 2.8 27 0.6 2 250 230 0.8 20 92 0.3 8 NA NA 0.5 NA NA 0.225 NA 0.0675 NA "P10" "091977" "P10_091977" NA NA NA 547661.416680167 5597787.80510003 42.0833938384613 42.0833938384613
"1977-09-19" 1977-09-19 "P11" NA NA 1.71 251.04 NA 13.3 6.88 352 1.69 58.6 1.6 16 1.9 1 260 120 11.8 130 46 5 50 NA NA 1.3 NA NA 0.7125 NA 0.21375 NA "P11" "091977" "P11_091977" NA NA NA 547659.829176992 5597925.38870853 25.2460520856778 25.2460520856778
"1977-09-20" 1977-09-20 "P24" NA NA 1.86 252.52 2.5 12 7.23 1150 6.58 NA 0 0 36 2890 36000 1800 27 34200 5 0.1 95 NA NA 22 NA NA 13.5 NA 4.05 NA "P24" "091977" "P24_091977" NA NA NA 547383.603624541 5597620.14712582 5.50142533739456 342.890974516111
"1977-09-20" 1977-09-20 "P25" NA NA 1.65 254.42 3.7 10.2 6.57 401 2.77 23.9 0.14 1 4.7 6 590 90 4.3 500 15 1 85 NA NA 2.7 "Ausfaellungen vor Analyse" NA 1.7625 NA 0.52875 NA "P25" "091977" "P25_091977" NA NA NA 547416.500218112 5597383.87373661 6.69597931636695 443.148617361448
"1977-09-19" 1977-09-19 "P26" NA NA 2.59 252.59 NA 10.6 7.9 397 2.58 23.2 NA NA 0.5 15 4150 4140 0.6 6 100 0.05 0.1 NA NA 0.4 NA NA 0.1875 NA 0.05625 NA "P26" "091977" "P26_091977" NA NA NA 547230.674152015 5597626.93811162 118.938984402101 489.947582775275
"1977-09-19" 1977-09-19 "P26" "3" NA 2.59 NA 3 11.6 6.87 362 2.28 30.6 4.1 39 0.8 2 1560 1550 2.8 8 99 0.2 1 NA NA 0.7 NA NA 0.3 NA 0.09 "3" "P26_3" "091977" "P26_3_091977" NA NA NA 547230.674152015 5597626.93811162 118.938984402101 489.947582775275
"1977-09-19" 1977-09-19 "P26" "4" NA 2.59 NA 3 11.6 6.78 317 1.91 26.2 4.9 47 0.6 1 970 960 0.9 8 99 0.1 1 NA NA 0.5 NA NA 0.225 NA 0.0675 "4" "P26_4" "091977" "P26_4_091977" NA NA NA 547230.674152015 5597626.93811162 118.938984402101 489.947582775275
"1977-09-19" 1977-09-19 "P26" "5" NA 2.59 NA 4 NA 7.18 419 3.5 27.1 4.9 46 0.6 10 4110 4110 0.8 4 100 0.05 0 NA NA 0.5 NA NA 0.225 NA 0.0675 "5" "P26_5" "091977" "P26_5_091977" NA NA NA 547230.674152015 5597626.93811162 118.938984402101 489.947582775275
"1977-09-20" 1977-09-20 "P27" NA NA 1.01 255 3.3 12.3 6.98 1540 5.4 288.5 2.7 26 1.2 13 1030 1020 1.8 12 99 0.2 1 NA NA 0.9 NA NA 0.45 NA 0.135 NA "P27" "091977" "P27_091977" NA NA NA 547181.46155359 5597345.77366041 14.1024545094393 648.73917502567
"1977-09-20" 1977-09-20 "P28" NA NA 3.38 252.36 4.5 9.5 6.78 396 1.93 42.5 7.3 66 0.6 33 4820 4790 0.7 29 99 0.05 1 NA NA 0.5 NA NA 0.225 NA 0.0675 NA "P28" "091977" "P28_091977" NA NA NA 547076.950927902 5597619.79434734 235.275365930542 642.263131525091
"1977-09-20" 1977-09-20 "Ful" NA NA NA NA NA 9.5 7.78 346 1.42 10.4 10.4 94 2 490 4280 4090 92 100 96 2 2 NA NA 1.4 NA NA 0.75 NA 0.225 "bei P06" "Ful" "091977" "Ful_091977" NA NA NA 547759.094909668 5597688.33331299 0 2.33465325998646e-09
"1977-09-20" 1977-09-20 "P06" NA NA NA NA NA NA NA NA NA NA NA NA NA NA NA NA NA NA NA NA NA NA NA NA NA NA NA NA NA NA "P06" "091977" "P06_091977" NA NA NA 547763.369661851 5597644.92981428 5.24542974830661 43.6134979887314
"1977-10-11" 1977-10-11 "P04" NA "0.4375" 1.95 254.69 3.3 12.1 6.98 360 3.17 28.3 0.17 2 2.7 3 137 3 5 129 2 4 94 NA NA NA " Leichte Ausfaellungen vor Analyse" NA 1.0125 NA 0.30375 NA "P04" "101977" "P04_101977" NA NA NA 547799.529456393 5597213.6581184 83.3823591725279 171.421887733143
"1977-10-11" 1977-10-11 "P05" NA "0.45833333333333331" 2.08 253.57 2.9 12.5 7.25 917 4.4 36.6 4.1 40 2.5 1 554 141 4.2 409 25 1 74 NA NA NA NA NA 0.9375 NA 0.28125 NA "P05" "101977" "P05_101977" NA NA NA 547771.483566968 5597426.91271157 135.964919243589 135.964919243589
"1977-10-11" 1977-10-11 "P06" NA "0.47916666666666669" 0.94 253.06 1.9 12.6 6.59 269 1.54 25.3 2.6 25 3.9 123 2720 2600 5.9 110 96 0.2 4 NA NA NA NA NA 1.4625 NA 0.43875 NA "P06" "101977" "P06_101977" NA NA NA 547763.369661851 5597644.92981428 5.24542974830661 43.6134979887314
"1977-10-11" 1977-10-11 "P07" NA "0.53472222222222221" 1.01 255.4 3.6 11.6 7.09 672 5.35 71.7 1.9 18 1.8 3 49 16 3.6 29 33 7 59 NA NA NA " Leichte Ausfaellungen vor Analyse" NA 0.675 NA 0.2025 NA "P07" "101977" "P07_101977" NA NA NA 547621.729100792 5597291.44577397 212.634119292897 313.413206998357
"1977-10-11" 1977-10-11 "P08" NA "0.52083333333333337" 1.08 254.71 NA 11.7 6.93 381 2.08 32.4 1.2 12 2.9 1 198 32 6.7 159 16 3 80 NA NA NA NA NA 1.0875 NA 0.32625 NA "P08" "101977" "P08_101977" NA NA NA 547597.916553167 5597489.88367085 63.9337749672504 247.655679007636
"1977-10-11" 1977-10-11 "P09" NA "0.5" 2.34 252.96 NA 12 6.8 1110 2.85 26.6 0.9 9 2.2 NA 40 13 4.4 23 33 11 58 NA NA NA "Ausfaellungen vor Analyse" NA 0.825 NA 0.2475 NA "P09" "101977" "P09_101977" NA NA NA 547553.113685783 5597640.34369399 83.1112019991984 177.298630876248
"1977-10-11" 1977-10-11 "P12" NA "0.55555555555555558" NA NA NA NA NA NA NA NA NA NA NA NA NA NA NA NA NA NA NA NA NA NA NA NA NA NA NA NA "P12" "101977" "P12_101977" NA NA NA 547534.416426167 5598038.10143395 127.400093596062 127.400093596062
"1977-10-11" 1977-10-11 "P13" NA "0.5625" 3.91 249.14 NA NA NA NA NA NA NA NA NA NA NA NA NA NA NA NA NA NA NA NA NA NA NA NA NA NA "P13" "101977" "P13_101977" NA NA NA 547493.141343616 5598135.46829535 183.306089631364 183.306089631364
"1977-10-11" 1977-10-11 "P22" NA "0.58680555555555558" 3.94 249.74 NA NA NA NA NA NA NA NA NA NA NA NA NA NA NA NA NA NA NA NA NA NA NA NA NA NA "P22" "101977" "P22_101977" NA NA NA 547382.721678333 5598081.31679816 251.332720303273 283.099343058577
"1977-10-11" 1977-10-11 "P23" NA "0.60416666666666663" 2.23 252.08 3.4 13.2 7.38 568 3.75 17.9 NA NA 1.7 13 3540 3430 7.6 101 97 0.2 3 NA NA NA NA NA 0.6375 NA 0.19125 NA "P23" "101977" "P23_101977" NA NA NA 547296.290949916 5597953.96376568 268.971293943837 369.874657063021
"1977-10-11" 1977-10-11 "P31" NA "0.36805555555555558" 1.89 255.19 3.7 11.9 6.69 302 2.37 27.1 NA NA 2.9 1 703 0 6.4 771 1 1 99 NA NA NA "Ausfaellungen vor Analyse" NA 1.0875 NA 0.32625 NA "P31" "101977" "P31_101977" NA NA NA 547949.283922568 5597148.57048822 6.06638807236321 71.8322427497757
"1977-10-11" 1977-10-11 "P32" NA "0.40972222222222227" 2.4 255.66 4 11.1 7.39 583 4.37 55.4 NA NA 1.7 6 62 31 2.2 29 4 4 47 NA NA NA NA NA 0.6375 NA 0.19125 NA "P32" "101977" "P32_101977" NA NA NA 547620.670765342 5597035.8577628 16.3935506166589 295.030902995258
"1977-10-13" 1977-10-13 "P26" NA NA 2.68 252.5 3 NA 7.05 398 2.82 25.5 4.4 NA 0.8 15 3370 3300 2.7 66 98 0.1 2 NA NA NA NA NA 0.3 NA 0.09 NA "P26" "101977" "P26_101977" NA NA NA 547230.674152015 5597626.93811162 118.938984402101 489.947582775275
"1977-10-13" 1977-10-13 "P26" "3" NA 2.68 NA 3 11.3 3.85 360 2.28 28 7.4 70 0.8 NA 2650 2620 13.1 99 99 0.5 1 NA NA NA NA NA 0.3 NA 0.09 "3" "P26_3" "101977" "P26_3_101977" NA NA NA 547230.674152015 5597626.93811162 118.938984402101 489.947582775275
"1977-10-13" 1977-10-13 "P26" "4" NA 2.68 NA 3 11.6 6.66 315 1.95 27.1 3.9 37 1.2 NA 649 601 4.7 93 93 1 7 NA NA NA NA NA 0.45 NA 0.135 "4" "P26_4" "101977" "P26_4_101977" NA NA NA 547230.674152015 5597626.93811162 118.938984402101 489.947582775275
"1977-10-13" 1977-10-13 "P26" "5" NA 2.68 NA 4 10.8 7.14 417 3.08 25.3 4.8 45 NA 24 3730 3700 2.2 99 99 0.1 1 NA NA NA NA NA NA NA NA "5" "P26_5" "101977" "P26_5_101977" NA NA NA 547230.674152015 5597626.93811162 118.938984402101 489.947582775275
"1977-10-13" 1977-10-13 "Ful" NA "0.4513888888888889" NA NA NA 9.5 7.57 319 1.5 43.5 9.2 83 3.1 474 3140 2890 73 180 92 2 6 NA NA NA NA NA 1.1625 NA 0.34875 "bei P06" "Ful" "101977" "Ful_101977" NA NA NA 547759.094909668 5597688.33331299 0 2.33465325998646e-09
"1978-01-17" 1978-01-17 "P01" NA NA 1.29 253.33 4 8.2 6.42 707 NA NA 1.83 16 1.8 2 1770 1650 20 102 93 1.1 6 NA NA NA NA NA 0.675 NA 0.2025 NA "P01" "011978" "P01_011978" NA NA NA 547498.962188591 5597801.56346088 15.7520116309279 197.921006683123
"1978-01-17" 1978-01-17 "P03" NA NA 1.8 252.84 3.2 6.6 7.02 712 NA NA 4.39 37 2.1 22 610 440 NA 165 73 0 27 NA NA NA NA NA 0.7875 NA 0.23625 NA "P03" "011978" "P03_011978" NA NA NA 547560.433839313 5597833.57810824 11.4637509679278 134.609685300649
"1978-01-17" 1978-01-17 "P04" NA NA 0.92 255.72 3.3 8 7.11 355 NA NA 2.01 18 1 2 300 200 13 88 67 4 29 NA NA NA NA NA 0.375 NA 0.1125 NA "P04" "011978" "P04_011978" NA NA NA 547799.529456393 5597213.6581184 83.3823591725279 171.421887733143
"1978-01-17" 1978-01-17 "P05" NA NA 0.95 254.7 2.8 7.2 7.28 1030 NA NA 1.87 16 0.5 2 230 50 27 151 22 12 66 NA NA NA NA NA 0.1875 NA 0.05625 NA "P05" "011978" "P05_011978" NA NA NA 547771.483566968 5597426.91271157 135.964919243589 135.964919243589
"1978-01-17" 1978-01-17 "P06" NA NA 0.97 253.03 2 3.8 6.92 247 NA NA 5.76 45 1.6 59 4020 3940 0.5 79 98 0 2 NA NA NA "Sp. Ersetzt durch 0.5" NA 0.6 NA 0.18 NA "P06" "011978" "P06_011978" NA NA NA 547763.369661851 5597644.92981428 5.24542974830661 43.6134979887314
"1978-01-17" 1978-01-17 "P09" NA NA 0.99 254.31 3.2 7.6 6.88 718 NA NA 0.14 1 1 3 87 2 6 79 2 7 91 NA NA NA NA NA 0.375 NA 0.1125 NA "P09" "011978" "P09_011978" NA NA NA 547553.113685783 5597640.34369399 83.1112019991984 177.298630876248
"1978-01-17" 1978-01-17 "P10" NA NA 2.32 251.57 3.6 7.8 7.23 501 NA NA 2.54 22 0.7 2 440 340 0.5 102 77 0 23 NA NA NA "Sp. Ersetzt durch 0.5" NA 0.2625 NA 0.07875 NA "P10" "011978" "P10_011978" NA NA NA 547661.416680167 5597787.80510003 42.0833938384613 42.0833938384613
"1978-01-17" 1978-01-17 "P11" NA NA 1.26 251.49 2.2 7.9 6.84 514 NA NA 3.61 31 1.2 2 640 500 54 84 78 8 13 NA NA NA NA NA 0.45 NA 0.135 NA "P11" "011978" "P11_011978" NA NA NA 547659.829176992 5597925.38870853 25.2460520856778 25.2460520856778
"1978-01-17" 1978-01-17 "P26" NA "0.37847222222222227" 1.63 253.55 4 8.5 6.74 340 NA NA 4.78 42 0.7 16 1300 1260 NA 40 97 0 3 NA NA NA NA NA 0.2625 NA 0.07875 NA "P26" "011978" "P26_011978" NA NA NA 547230.674152015 5597626.93811162 118.938984402101 489.947582775275
"1978-01-17" 1978-01-17 "P26" "2" NA 1.63 NA 1.8 6.4 6.81 275 NA NA 8.6 72 1.8 5 540 330 13 198 61 2 37 NA NA NA NA NA 0.675 NA 0.2025 "2" "P26_2" "011978" "P26_2_011978" NA NA NA 547230.674152015 5597626.93811162 118.938984402101 489.947582775275
"1978-01-17" 1978-01-17 "P26" "3" NA 1.63 NA 2.7 7.5 6.64 326 NA NA 4.64 40 0.8 3 1220 1130 34 57 93 3 5 NA NA NA NA NA 0.3 NA 0.09 "3" "P26_3" "011978" "P26_3_011978" NA NA NA 547230.674152015 5597626.93811162 118.938984402101 489.947582775275
"1978-01-17" 1978-01-17 "P26" "4" NA 1.63 NA 2.5 7.8 6.64 302 NA NA 3.99 35 1 1 240 190 27 27 78 11 11 NA NA NA NA NA 0.375 NA 0.1125 "4" "P26_4" "011978" "P26_4_011978" NA NA NA 547230.674152015 5597626.93811162 118.938984402101 489.947582775275
"1978-01-17" 1978-01-17 "P26" "5" NA 1.63 NA 3.6 9 7.15 426 NA NA 4.62 41 0.5 13 4240 4220 NA 24 99 0 0.6 NA NA NA NA NA 0.1875 NA 0.05625 "5" "P26_5" "011978" "P26_5_011978" NA NA NA 547230.674152015 5597626.93811162 118.938984402101 489.947582775275
"1978-01-17" 1978-01-17 "P28" NA NA 2.32 253.42 4.5 8.9 6.76 378 NA NA 7.7 69 0.5 29 6210 6160 0.5 49 99 0 0.8 NA NA NA "Sp. Ersetzt durch 0.5" NA 0.1875 NA 0.05625 NA "P28" "011978" "P28_011978" NA NA NA 547076.950927902 5597619.79434734 235.275365930542 642.263131525091
"1978-01-17" 1978-01-17 "P31" NA NA 3.38 253.7 3.7 6.8 6.62 260 NA NA 1.83 15 2.2 2 540 0 13 645 0 2 98 NA NA NA NA NA 0.825 NA 0.2475 NA "P31" "011978" "P31_011978" NA NA NA 547949.283922568 5597148.57048822 6.06638807236321 71.8322427497757
"1978-01-17" 1978-01-17 "P32" NA NA 1.91 256.15 4 7.2 7.02 281 NA NA 4.27 36 1.5 7 4600 4520 NA 82 98 0 2 NA NA NA NA NA 0.5625 NA 0.16875 NA "P32" "011978" "P32_011978" NA NA NA 547620.670765342 5597035.8577628 16.3935506166589 295.030902995258
"1978-01-17" 1978-01-17 "Ful" NA NA NA NA NA 2.3 7.57 310 NA NA NA NA 1.6 218 4410 4410 41 319 92 0.9 7 NA NA NA NA NA 0.6 NA 0.18 "bei P06" "Ful" "011978" "Ful_011978" NA NA NA 547759.094909668 5597688.33331299 0 2.33465325998646e-09
"19.1.78" 1978-01-19 "P07" NA "0.34375" 0.58 255.83 3.7 7.8 7.07 661 NA NA 0.48 4 0.5 3 17 0 27 17 0 61 34 NA NA NA NA NA 0.1875 NA 0.05625 NA "P07" "011978" "P07_011978" NA NA NA 547621.729100792 5597291.44577397 212.634119292897 313.413206998357
"19.1.78" 1978-01-19 "P08" NA "0.3576388888888889" 0.53 253.36 3.3 8.1 7.08 391 NA NA 1.41 12 1 2 200 50 0.5 146 27 0 73 NA NA NA "Sp. Ersetzt durch 0.5" NA 0.375 NA 0.1125 NA "P08" "011978" "P08_011978" NA NA NA 547597.916553167 5597489.88367085 63.9337749672504 247.655679007636
"19.1.78" 1978-01-19 "P12" NA "0.43402777777777773" 3.1 250.45 NA NA NA NA NA NA NA NA NA NA NA NA NA NA NA NA NA NA NA NA NA NA NA NA NA NA "P12" "011978" "P12_011978" NA NA NA 547534.416426167 5598038.10143395 127.400093596062 127.400093596062
"19.1.78" 1978-01-19 "P13" NA "0.43055555555555558" 4.22 248.83 NA NA NA NA NA NA NA NA NA NA NA NA NA NA NA NA NA NA NA NA NA NA NA NA NA NA "P13" "011978" "P13_011978" NA NA NA 547493.141343616 5598135.46829535 183.306089631364 183.306089631364
"19.1.78" 1978-01-19 "P22" NA "0.41666666666666669" 3.64 250.04 3.9 NA 6.81 2060 4.82 12.7 3.99 34 1.6 19 11410 11220 0 187 98 0 2 NA NA NA "n.n ersetzt durch 0" NA 0.6 NA 0.18 NA "P22" "011978" "P22_011978" NA NA NA 547382.721678333 5598081.31679816 251.332720303273 283.099343058577
"19.1.78" 1978-01-19 "P23" NA "0.40625" 1.36 252.95 3.2 7.6 7.42 701 NA NA 2.05 18 0.4 16 480 400 6 71 84 1 15 NA NA NA NA NA 0.15 NA 0.045 NA "P23" "011978" "P23_011978" NA NA NA 547296.290949916 5597953.96376568 268.971293943837 369.874657063021
"19.1.78" 1978-01-19 "P24" NA "0.3923611111111111" 0.81 253.57 3 NA 7.6 1004 NA NA 0.71 6 0.5 38 520 0 0 556 0 0 100 NA NA NA "schwarze Partikel im Wasser (vom Gewindeschneider? Am 25.1. steht neues Gewinde). Nn ersetzt durch 0" NA 0.1875 NA 0.05625 NA "P24" "011978" "P24_011978" NA NA NA 547383.603624541 5597620.14712582 5.50142533739456 342.890974516111
"19.1.78" 1978-01-19 "P25" NA "0.36805555555555558" 1.12 254.95 4.2 7.3 6.62 252 NA NA 1.34 11 1.9 7 1180 1080 13 88 92 1 7 NA NA NA NA NA 0.7125 NA 0.21375 NA "P25" "011978" "P25_011978" NA NA NA 547416.500218112 5597383.87373661 6.69597931636695 443.148617361448
"19.1.78" 1978-01-19 "P27" NA "0.38194444444444442" 0.61 255.4 3.5 8.5 7.13 963 NA NA 2.82 25 0.5 14 1060 1000 NA 55 95 0 5 NA NA NA NA NA 0.1875 NA 0.05625 NA "P27" "011978" "P27_011978" NA NA NA 547181.46155359 5597345.77366041 14.1024545094393 648.73917502567
"19.1.78" 1978-01-19 "P06" NA "0.44097222222222227" NA NA NA 4 7.51 222 0.92 16.3 NA NA 1.9 127 4770 4540 34 200 95 0.7 4 NA NA NA NA NA 0.7125 NA 0.21375 NA "P06" "011978" "P06_011978" NA NA NA 547763.369661851 5597644.92981428 5.24542974830661 43.6134979887314
"1978-01-23" 1978-01-23 "P24" NA "0.33333333333333331" NA NA 3.5 7.2 7.13 1008 NA NA 0.8 7 0.7 3 120 0 47 277 0 15 85 NA NA NA NA NA 0.2625 NA 0.07875 NA "P24" "011978" "P24_011978" NA NA NA 547383.603624541 5597620.14712582 5.50142533739456 342.890974516111
"1978-01-23" 1978-01-23 "P06" NA NA 0.9 253.1 1.1 3.6 6.94 217 NA NA 7.03 55 1.6 39 3760 3680 0.5 79 98 0 2 NA NA NA "Sp. Ersetzt durch 0.5" NA 0.6 NA 0.18 NA "P06" "011978" "P06_011978" NA NA NA 547763.369661851 5597644.92981428 5.24542974830661 43.6134979887314
"1978-01-23" 1978-01-23 "P06" "2" NA 0.9 NA 1.25 3.3 7.01 219 NA NA 9.76 75 2.2 129 3950 3610 6 336 91 0.2 9 NA NA NA NA NA 0.825 NA 0.2475 "2" "P06_2" "011978" "P06_2_011978" NA NA NA 547763.369661851 5597644.92981428 5.24542974830661 43.6134979887314
"1978-01-23" 1978-01-23 "P06" "3" NA 0.9 NA 1.5 3.4 6.85 238 NA NA 8.36 65 2.4 71 4070 3640 6 422 89 0.1 10 NA NA NA NA NA 0.9 NA 0.27 "3" "P06_3" "011978" "P06_3_011978" NA NA NA 547763.369661851 5597644.92981428 5.24542974830661 43.6134979887314
"1978-01-23" 1978-01-23 "P06" "4" NA 0.9 NA 1.75 NA 6.89 222 NA NA 6.6 52 1.6 126 3880 3830 6 42 99 0.2 1.1 NA NA NA NA NA 0.6 NA 0.18 "4" "P06_4" "011978" "P06_4_011978" NA NA NA 547763.369661851 5597644.92981428 5.24542974830661 43.6134979887314
"1978-01-23" 1978-01-23 "P06" "5" NA 0.9 NA 2.25 4.4 7.17 262 NA NA 4.09 33 1.9 11 4250 3990 27 236 94 0.6 6 NA NA NA NA NA 0.7125 NA 0.21375 "5" "P06_5" "011978" "P06_5_011978" NA NA NA 547763.369661851 5597644.92981428 5.24542974830661 43.6134979887314
"1978-01-23" 1978-01-23 "P06" "6" NA 0.9 NA 2.25 3.9 6.85 236 NA NA 6.11 48 1.6 47 3970 3870 20 79 98 0.5 2 NA NA NA NA NA 0.6 NA 0.18 "6" "P06_6" "011978" "P06_6_011978" NA NA NA 547763.369661851 5597644.92981428 5.24542974830661 43.6134979887314
"1978-04-24" 1978-04-24 "P01" NA "0.48958333333333331" NA NA 4.5 7.2 6.39 600 1.78 52.8 1.91 16 1.5 7 820 760 7 53 93 0.9 6 NA NA NA NA NA 0.5625 NA 0.16875 NA "P01" "041978" "P01_041978" NA NA NA 547498.962188591 5597801.56346088 15.7520116309279 197.921006683123
"1978-04-24" 1978-04-24 "P03" NA "0.47222222222222227" NA NA 3.9 7.3 6.76 731 3.37 91.2 2.36 20 0.8 29 640 510 2 129 80 0.3 20 NA NA NA NA NA 0.3 NA 0.09 NA "P03" "041978" "P03_041978" NA NA NA 547560.433839313 5597833.57810824 11.4637509679278 134.609685300649
"1978-04-24" 1978-04-24 "P04" NA "0.3888888888888889" NA NA 3.8 6.9 7 344 3.5 28.7 2.37 20 1 7 240 160 7 73 67 2.9 30 NA NA NA NA NA 0.375 NA 0.1125 NA "P04" "041978" "P04_041978" NA NA NA 547799.529456393 5597213.6581184 83.3823591725279 171.421887733143
"1978-04-24" 1978-04-24 "P05" NA "0.40625" NA NA 3.3 6.6 7.17 894 4.54 50.1 3.45 29 0.2 7 170 50 2 117 30 1.2 69 NA NA NA NA NA 0.075 NA 0.0225 NA "P05" "041978" "P05_041978" NA NA NA 547771.483566968 5597426.91271157 135.964919243589 135.964919243589
"1978-04-24" 1978-04-24 "P06" NA "0.4236111111111111" NA NA 2.45 6.8 6.75 281 1.97 24.5 7.24 61 1.3 115 4580 4540 25 14 99 0.5 0.3 NA NA NA NA NA 0.4875 NA 0.14625 NA "P06" "041978" "P06_041978" NA NA NA 547763.369661851 5597644.92981428 5.24542974830661 43.6134979887314
"1978-04-24" 1978-04-24 "P10" NA "0.44097222222222227" NA NA 3.9 7.2 7.1 483 3.91 55.8 3.31 28 0.3 5 320 210 0 111 65 0 35 NA NA NA "n.n ersetzt durch 0" NA 0.1125 NA 0.03375 NA "P10" "041978" "P10_041978" NA NA NA 547661.416680167 5597787.80510003 42.0833938384613 42.0833938384613
"1978-04-24" 1978-04-24 "P11" NA "0.45833333333333331" NA NA 2.6 7.6 6.67 467 2.04 57.6 3.78 33 1 3 190 55 15 120 29 8 63 NA NA NA NA NA 0.375 NA 0.1125 NA "P11" "041978" "P11_041978" NA NA NA 547659.829176992 5597925.38870853 25.2460520856778 25.2460520856778
"1978-04-24" 1978-04-24 "P12" NA "0.50347222222222221" NA NA NA NA NA NA NA NA NA NA NA NA NA NA NA NA NA NA NA NA NA NA NA NA NA NA NA NA "P12" "041978" "P12_041978" NA NA NA 547534.416426167 5598038.10143395 127.400093596062 127.400093596062
"1978-04-24" 1978-04-24 "P13" NA "0.50694444444444442" NA NA NA NA NA NA NA NA NA NA NA NA NA NA NA NA NA NA NA NA NA NA NA NA NA NA NA NA "P13" "041978" "P13_041978" NA NA NA 547493.141343616 5598135.46829535 183.306089631364 183.306089631364
"1978-04-24" 1978-04-24 "P31" NA "0.36805555555555558" NA NA 4.3 7.8 6.26 220 1.52 20.8 4.11 36 1.7 9 750 310 10 428 42 13 57 NA NA NA NA NA 0.6375 NA 0.19125 NA "P31" "041978" "P31_041978" NA NA NA 547949.283922568 5597148.57048822 6.06638807236321 71.8322427497757
"1978-04-24" 1978-04-24 "Sei" NA "0.4375" NA NA 8.8 8.8 8.22 212 1.26 21.1 NA NA 1.5 157 4830 4680 47 103 97 1 2.1 NA NA NA NA NA 0.5625 NA 0.16875 "bei P06" "Sei" "041978" "Sei_041978" NA NA NA 547768.354841584 5597643.29771444 0 4
"1978-04-25" 1978-04-25 "P07" NA "0.35069444444444442" NA NA 4.1 6.5 7.05 643 5.53 68.6 0.62 5 0.7 5 37 11 12 14 30 32 38 NA NA NA NA NA 0.2625 NA 0.07875 NA "P07" "041978" "P07_041978" NA NA NA 547621.729100792 5597291.44577397 212.634119292897 313.413206998357
"1978-04-25" 1978-04-25 "P08" NA "0.36458333333333331" NA NA 3.75 6 6.99 410 2.96 40.9 1.64 14 1 13 260 160 2 100 51 0.8 38 NA NA NA NA NA 0.375 NA 0.1125 NA "P08" "041978" "P08_041978" NA NA NA 547597.916553167 5597489.88367085 63.9337749672504 247.655679007636
"1978-04-25" 1978-04-25 "P22" NA "0.44097222222222227" NA NA 4.5 8.7 6.68 1624 4.37 36.6 2.73 24 0.7 15 10150 10020 2 132 99 0.02 1.3 NA NA NA NA NA 0.2625 NA 0.07875 NA "P22" "041978" "P22_041978" NA NA NA 547382.721678333 5598081.31679816 251.332720303273 283.099343058577
"1978-04-25" 1978-04-25 "P23" NA "0.42708333333333331" NA NA 3.7 7.7 7.34 725 4.41 23.1 2.43 21 0.2 26 150 140 5 7 92 3.3 4.7 NA NA NA NA NA 0.075 NA 0.0225 NA "P23" "041978" "P23_041978" NA NA NA 547296.290949916 5597953.96376568 268.971293943837 369.874657063021
"1978-04-25" 1978-04-25 "P24" NA "0.45833333333333331" NA NA 3.5 7.1 7.09 936 4.28 59.2 2.97 25 0.3 3 250 50 20 184 18 8 74 NA NA NA NA NA 0.1125 NA 0.03375 NA "P24" "041978" "P24_041978" NA NA NA 547383.603624541 5597620.14712582 5.50142533739456 342.890974516111
"1978-04-25" 1978-04-25 "P25" NA "0.375" NA NA 5 6.7 6.51 245 2.04 23.9 1.28 11 1.5 5 180 60 2 117 34 1.1 65 NA NA NA NA NA 0.5625 NA 0.16875 NA "P25" "041978" "P25_041978" NA NA NA 547416.500218112 5597383.87373661 6.69597931636695 443.148617361448
"1978-04-25" 1978-04-25 "P27" NA "0.3888888888888889" NA NA 4.2 7.2 7.15 920 4.16 111 3.42 29 0.2 18 2480 2430 2 53 98 0.1 2.1 NA NA NA NA NA 0.075 NA 0.0225 NA "P27" "041978" "P27_041978" NA NA NA 547181.46155359 5597345.77366041 14.1024545094393 648.73917502567
"1978-04-25" 1978-04-25 "P28" NA "0.40625" NA NA 5.2 7.9 6.68 375 2.32 41.6 7.98 69 0.2 49 8070 8030 0 43 99 0 0.5 NA NA NA "n.n ersetzt durch 0" NA 0.075 NA 0.0225 NA "P28" "041978" "P28_041978" NA NA NA 547076.950927902 5597619.79434734 235.275365930542 642.263131525091
"1981-09-03" 1981-09-03 "P01" NA "0.4826388888888889" NA NA NA 10.9 6.45 714 3.32 93.5 1.68 15.75 2.5 4 111 31 8 72 27.93 7.21 64.86 NA NA NA NA NA 0.9375 NA 0.28125 NA "P01" "091981" "P01_091981" NA NA NA 547498.962188591 5597801.56346088 15.7520116309279 197.921006683123
"1981-09-03" 1981-09-03 "P03" NA "0.46527777777777773" NA NA NA 12.7 6.64 495 3.3 41.9 2.61 25.37 2.5 24 195 30 8 157 15.38 4.1 80.51 NA NA NA NA NA 0.9375 NA 0.28125 NA "P03" "091981" "P03_091981" NA NA NA 547560.433839313 5597833.57810824 11.4637509679278 134.609685300649
"1981-09-03" 1981-09-03 "P09" NA "0.44444444444444442" NA NA 3.2 11.9 6.65 424 3.34 25.9 3.26 31.23 1.85 7 890 740 28 122 83.15 3.15 13.71 NA NA NA NA NA 0.69375 NA 0.208125 NA "P09" "091981" "P09_091981" NA NA NA 547553.113685783 5597640.34369399 83.1112019991984 177.298630876248
"1981-09-03" 1981-09-03 "P11" NA "0.49652777777777773" NA NA NA 12.2 6.28 419 1.82 53.1 2.71 26.09 1.2 4 198 77 10 111 38.89 5.05 56.06 NA NA NA NA NA 0.45 NA 0.135 NA "P11" "091981" "P11_091981" NA NA NA 547659.829176992 5597925.38870853 25.2460520856778 25.2460520856778
"1981-09-03" 1981-09-03 "P24" NA "0.4375" NA NA NA 11.8 6.8 1111 5.48 155.3 0.68 6.52 0.8 3 171 0 5 166 0 2.92 97.08 NA NA NA NA NA 0.3 NA 0.09 NA "P24" "091981" "P24_091981" NA NA NA 547383.603624541 5597620.14712582 5.50142533739456 342.890974516111
"1981-09-03" 1981-09-03 "P25" NA "0.41666666666666669" NA NA NA 9.7 6.47 352 3.9 22.2 0.16 1.49 1.85 3 394 57 8 329 14.47 2.03 83.5 NA NA NA NA NA 0.69375 NA 0.208125 NA "P25" "091981" "P25_091981" NA NA NA 547416.500218112 5597383.87373661 6.69597931636695 443.148617361448
"1981-09-03" 1981-09-03 "P26" NA "0.375" NA NA 4 10.8 6.54 563 2.48 46.7 3.34 31.15 NA NA NA NA NA NA NA NA NA NA NA NA NA NA NA NA NA NA "P26" "091981" "P26_091981" NA NA NA 547230.674152015 5597626.93811162 118.938984402101 489.947582775275
"1981-09-03" 1981-09-03 "P28" NA "0.39583333333333331" NA NA NA 9.1 6.34 455 1.12 50.9 7.07 63.39 NA NA NA NA NA NA NA NA NA NA NA NA NA NA NA NA NA NA "P28" "091981" "P28_091981" NA NA NA 547076.950927902 5597619.79434734 235.275365930542 642.263131525091
"1981-09-03" 1981-09-03 "Ful" NA "0.5625" NA NA NA 12.2 7.24 370 1.34 60.9 9.72 93.62 NA NA NA NA NA NA NA NA NA NA NA NA NA NA NA NA NA NA "Ful" "091981" "Ful_091981" NA NA NA 547759.094909668 5597688.33331299 0 2.33465325998646e-09
"29129" 1979-10-01 "P04" NA NA NA NA NA NA NA NA NA NA NA NA 2.7 NA NA NA NA NA NA NA NA NA NA NA NA NA 1.0125 NA 0.30375 NA "P04" "101979" "P04_101979" 479.6 439.28 40.32 547799.529456393 5597213.6581184 83.3823591725279 171.421887733143
"29129" 1979-10-01 "P05" NA NA NA NA NA NA NA NA NA NA NA NA 1.9 NA NA NA NA NA NA NA NA NA NA NA NA NA 0.7125 NA 0.21375 NA "P05" "101979" "P05_101979" 376.62 345.93 30.69 547771.483566968 5597426.91271157 135.964919243589 135.964919243589
"29129" 1979-10-01 "P08" NA NA NA NA NA NA NA NA NA NA NA NA 2.5 5 800 0 2 1070 0 0.2 99.8 NA NA NA NA NA 0.9375 NA 0.28125 NA "P08" "101979" "P08_101979" 57.25 51.53 5.71 547597.916553167 5597489.88367085 63.9337749672504 247.655679007636
"29129" 1979-10-01 "P09" NA NA NA NA NA NA NA NA NA NA NA NA 2.5 3 72 0 2 105 0 1.9 98.1 NA NA NA NA NA 0.9375 NA 0.28125 NA "P09" "101979" "P09_101979" 113.84 102.71 11.13 547553.113685783 5597640.34369399 83.1112019991984 177.298630876248
"1979-08-28" 1979-08-28 "P24" NA "0.63541666666666663" NA NA 3.5 11.2 7.15 1052 4.36 121.8 1.32 12.4 2.2 34 210 55 10 145 26 4.8 69 NA NA NA NA NA 0.825 NA 0.2475 NA "P24" "081979" "P24_081979" NA NA NA 547383.603624541 5597620.14712582 5.50142533739456 342.890974516111
"1979-11-01" 1979-11-01 "II" NA NA NA NA 2.51 10.9 7.76 443 5.43 10.8 1.95 18.2 0.5 0.5 410 0 9 605 0 1.5 98.5 NA NA NA "Sp. Ersetzt durch 0.5" NA 0.1875 NA 0.05625 NA "II" "111979" "II_111979" NA NA NA NA NA NA NA
"1979-10-18" 1979-10-18 "P01" NA NA NA NA 4.5 10.9 6.6 978 3.2 142.7 1.78 16.6 2.2 9 105 15 NA 90 14 NA 86 NA NA NA NA NA 0.825 NA 0.2475 NA "P01" "101979" "P01_101979" 12.88 9.41 3.47 547498.962188591 5597801.56346088 15.7520116309279 197.921006683123
"1979-10-17" 1979-10-17 "P03" NA NA NA NA 3.9 11.8 6.95 324 2.44 29.6 4.08 38.9 2.7 29 2130 1620 NA 510 76 NA 24 NA NA NA NA NA 1.0125 NA 0.30375 NA "P03" "101979" "P03_101979" 190.18 170.59 19.59 547560.433839313 5597833.57810824 11.4637509679278 134.609685300649
"1979-10-19" 1979-10-19 "P04" NA NA NA NA 3.8 11.3 7.03 384 3.64 27.3 3.72 35.1 2.7 4 175 75 5 95 43 2.9 54 NA NA NA NA NA 1.0125 NA 0.30375 NA "P04" "101979" "P04_101979" 479.6 439.28 40.32 547799.529456393 5597213.6581184 83.3823591725279 171.421887733143
"1979-10-19" 1979-10-19 "P05" NA NA NA NA 3.3 11.6 7.3 1037 4.43 53.3 2.97 28.2 1.9 2 90 20 0.5 70 22 0 78 NA NA NA "Sp. Ersetzt durch 0.5" NA 0.7125 NA 0.21375 NA "P05" "101979" "P05_101979" 376.62 345.93 30.69 547771.483566968 5597426.91271157 135.964919243589 135.964919243589
"1979-10-19" 1979-10-19 "P06" NA NA NA NA NA NA NA NA NA NA NA NA NA NA NA NA NA NA NA NA NA NA NA NA NA NA NA NA NA NA "P06" "101979" "P06_101979" NA NA NA 547763.369661851 5597644.92981428 5.24542974830661 43.6134979887314
"1979-10-18" 1979-10-18 "P07" NA NA NA NA 4.1 11.4 7.07 650 5.47 70.6 1.46 13.8 2.2 1 50 0 0.5 50 0 0 100 NA NA NA "Sp. Ersetzt durch 0.5" NA 0.825 NA 0.2475 NA "P07" "101979" "P07_101979" 1047.28 976.5 70.78 547621.729100792 5597291.44577397 212.634119292897 313.413206998357
"1979-10-18" 1979-10-18 "P08" NA NA NA NA 4.3 11.2 7.09 444 3.9 35 1.04 9.8 2.5 5 800 0 2 1070 0 0.2 99.8 NA NA NA "Sp. Ersetzt durch 0.5" NA 0.9375 NA 0.28125 NA "P08" "101979" "P08_101979" 57.25 51.53 5.71 547597.916553167 5597489.88367085 63.9337749672504 247.655679007636
"1979-10-17" 1979-10-17 "P09" NA NA NA NA 3.6 11.1 6.94 490 3.63 32 1.36 12.8 2.5 3 72 0 2 105 0 1.9 98.1 NA NA NA "Sp. Ersetzt durch 0.5" NA 0.9375 NA 0.28125 NA "P09" "101979" "P09_101979" 113.84 102.71 11.13 547553.113685783 5597640.34369399 83.1112019991984 177.298630876248
"1979-10-19" 1979-10-19 "P10" NA NA NA NA 3.9 11.6 7.24 505 4.35 45.3 2.64 25.1 1.9 4 65 20 NA 45 31 0 69 NA NA NA NA NA 0.7125 NA 0.21375 NA "P10" "101979" "P10_101979" 554.53 358.65 195.88 547661.416680167 5597787.80510003 42.0833938384613 42.0833938384613
"1979-10-17" 1979-10-17 "P11" NA NA NA NA 2.6 11.2 6.85 346 1.56 56.4 4.46 42 2.7 0.5 1010 870 20 120 86 2 12 NA NA NA "Sp. Ersetzt durch 0.5" NA 1.0125 NA 0.30375 NA "P11" "101979" "P11_101979" 609.59 591.39 18.2 547659.829176992 5597925.38870853 25.2460520856778 25.2460520856778
"1979-10-17" 1979-10-17 "P12" NA NA NA NA NA NA NA NA NA NA NA NA NA NA NA NA NA NA NA NA NA NA NA NA NA NA NA NA NA NA "P12" "101979" "P12_101979" NA NA NA 547534.416426167 5598038.10143395 127.400093596062 127.400093596062
"1979-10-17" 1979-10-17 "P13" NA NA NA NA NA NA NA NA NA NA NA NA NA NA NA NA NA NA NA NA NA NA NA NA NA NA NA NA NA NA "P13" "101979" "P13_101979" NA NA NA 547493.141343616 5598135.46829535 183.306089631364 183.306089631364
"1979-10-18" 1979-10-18 "P22" NA NA NA NA NA NA NA NA NA NA NA NA NA NA NA NA NA NA NA NA NA NA NA NA NA NA NA NA NA NA "P22" "101979" "P22_101979" NA NA NA 547382.721678333 5598081.31679816 251.332720303273 283.099343058577
"1979-10-18" 1979-10-18 "P23" NA NA NA NA 3.7 12.4 7.37 709 5.7 49 2.36 22.8 2.2 15 345 330 5 10 95.7 1.4 2.9 NA NA NA NA NA 0.825 NA 0.2475 NA "P23" "101979" "P23_101979" 39.77 37.25 2.52 547296.290949916 5597953.96376568 268.971293943837 369.874657063021
"1979-10-16" 1979-10-16 "P24" NA NA NA NA 3.5 11.4 7.21 826 4.48 31.2 0.77 7.3 2.7 0.5 160 0 5 265 0 1.8 98.2 NA NA NA NA NA 1.0125 NA 0.30375 NA "P24" "101979" "P24_101979" NA NA NA 547383.603624541 5597620.14712582 5.50142533739456 342.890974516111
"1979-10-17" 1979-10-17 "P25" NA NA NA NA 4.8 10.3 6.6 296 2.88 23.4 1.51 13.9 5.3 2 270 0 2 570 0 0.9 99.6 NA NA NA NA NA 1.9875 NA 0.59625 NA "P25" "101979" "P25_101979" 322 299.4 22.6 547416.500218112 5597383.87373661 6.69597931636695 443.148617361448
"1979-10-16" 1979-10-16 "P26" NA NA NA NA 4.55 10.5 6.99 515 2.92 41.9 3.31 30.6 2.2 26 2690 2670 0.5 15 99.3 0 0.7 NA NA NA "Sp. Ersetzt durch 0.5" NA 0.825 NA 0.2475 NA "P26" "101979" "P26_101979" 656.37 618.87 37.5 547230.674152015 5597626.93811162 118.938984402101 489.947582775275
"1979-10-16" 1979-10-16 "P26" "2" NA NA NA 2 11.4 6.65 337 1.17 44.2 NA NA 2.2 0 330 190 5 135 57 1.5 41 NA NA NA "n.n. ersetzt durch 0" NA 0.825 NA 0.2475 "2" "P26_2" "101979" "P26_2_101979" NA NA NA 547230.674152015 5597626.93811162 118.938984402101 489.947582775275
"1979-10-16" 1979-10-16 "P26" "3" NA NA NA 3 10.9 6.81 451 2.3 41.9 5.63 52.6 2.2 0.5 1600 1560 15 30 97.2 0.9 1.9 NA NA NA "Sp. Ersetzt durch 0.5" NA 0.825 NA 0.2475 "3" "P26_3" "101979" "P26_3_101979" NA NA NA 547230.674152015 5597626.93811162 118.938984402101 489.947582775275
"1979-10-16" 1979-10-16 "P26" "4" NA NA NA 2.9 11 6.57 357 1.73 35.3 4.14 38.8 1.2 2 420 390 5 20 93.8 1.2 5 NA NA NA NA NA 0.45 NA 0.135 "4" "P26_4" "101979" "P26_4_101979" NA NA NA 547230.674152015 5597626.93811162 118.938984402101 489.947582775275
"1979-10-16" 1979-10-16 "P26" "5" NA NA NA 4 10.4 7.12 559 2.98 43.7 3.74 34.6 1.6 20 3930 3910 0.5 20 99.5 0 0.5 NA NA NA "Sp. Ersetzt durch 0.5" NA 0.6 NA 0.18 "5" "P26_5" "101979" "P26_5_101979" NA NA NA 547230.674152015 5597626.93811162 118.938984402101 489.947582775275
"1979-10-17" 1979-10-17 "P27" NA NA NA NA 4.2 11.2 7.09 1166 5.14 139.9 2.75 25.9 1.9 15 2630 2600 5 30 98.7 0.2 1.1 NA NA NA NA NA 0.7125 NA 0.21375 NA "P27" "101979" "P27_101979" 602.19 567.82 34.36 547181.46155359 5597345.77366041 14.1024545094393 648.73917502567
"1979-10-16" 1979-10-16 "P28" NA NA NA NA 5.3 9.3 6.79 405 2.11 42.1 7.18 64.6 2.7 26 9590 9500 0.5 90 99.1 0 0.9 NA NA NA "Sp. Ersetzt durch 0.5" NA 1.0125 NA 0.30375 NA "P28" "101979" "P28_101979" NA NA NA 547076.950927902 5597619.79434734 235.275365930542 642.263131525091
"1979-10-18" 1979-10-18 "P31" NA NA NA NA 4 11.3 6.39 325 2.65 28 1.1 10.4 1.6 2 395 55 0.5 340 14 0 86 NA NA NA "Sp. Ersetzt durch 0.5" NA 0.6 NA 0.18 NA "P31" "101979" "P31_101979" NA NA NA 547949.283922568 5597148.57048822 6.06638807236321 71.8322427497757
"1979-10-19" 1979-10-19 "P32" NA NA NA NA 4.3 10.6 7.43 618 4.95 58.6 2.11 19.6 0.8 16 100 0 0.5 120 0 0 100 NA NA NA "Sp. Ersetzt durch 0.5" NA 0.3 NA 0.09 NA "P32" "101979" "P32_101979" 202.91 186.52 16.39 547620.670765342 5597035.8577628 16.3935506166589 295.030902995258
"1979-10-19" 1979-10-19 "Ful" NA NA NA NA NA 8.9 7.51 328 1.7 46.7 NA NA 4 690 3910 3590 90 235 91.7 2.3 6 NA NA NA NA NA 1.5 NA 0.45 NA "Ful" "101979" "Ful_101979" NA NA NA 547759.094909668 5597688.33331299 0 2.33465325998646e-09
"1979-10-19" 1979-10-19 "Sei" NA NA NA NA NA 8.2 7.68 271 1.75 25.4 NA NA 4.6 800 5920 5680 97 140 96 1.6 2.4 NA NA NA NA NA 1.725 NA 0.5175 NA "Sei" "101979" "Sei_101979" NA NA NA 547768.354841584 5597643.29771444 0 4
"1979-07-04" 1979-07-04 "P01" NA "0.36805555555555558" NA NA 4.5 8.9 6.56 783 2.74 96.7 2.53 22.5 1.9 3 250 225 10 15 90 4 6 NA NA NA NA NA 0.7125 NA 0.21375 NA "P01" "071979" "P01_071979" 12.69 8.93 3.76 547498.962188591 5597801.56346088 15.7520116309279 197.921006683123
"1979-07-04" 1979-07-04 "P03" NA "0.34722222222222227" NA NA 3.9 11.3 6.76 283 2.4 19.6 2.19 20.7 1.6 66 2230 2150 10 75 96.2 0.4 3.4 NA NA NA NA NA 0.6 NA 0.18 NA "P03" "071979" "P03_071979" 50.175 46.595 3.58 547560.433839313 5597833.57810824 11.4637509679278 134.609685300649
"1979-07-06" 1979-07-06 "P04" NA "0.37847222222222227" NA NA 3.8 9.5 6.44 369 3.62 30.2 2.52 22.8 1.6 1 185 100 0.5 85 54 0 46 NA NA NA "Sp. Ersetzt durch 0.5" NA 0.6 NA 0.18 NA "P04" "071979" "P04_071979" 952.315 879.63 72.635 547799.529456393 5597213.6581184 83.3823591725279 171.421887733143
"1979-07-06" 1979-07-06 "P05" NA "0.39583333333333331" NA NA 3.3 10.1 7.26 1090 4.58 49.4 1.1 10.1 1.6 4 260 60 5 195 23 1.9 75 NA NA NA NA NA 0.6 NA 0.18 NA "P05" "071979" "P05_071979" 315.16 292.875 22.265 547771.483566968 5597426.91271157 135.964919243589 135.964919243589
"1979-07-06" 1979-07-06 "P06" NA "0.40625" NA NA NA NA NA NA NA NA NA NA NA NA NA NA NA NA NA NA NA NA NA NA NA NA NA NA NA NA "P06" "071979" "P06_071979" NA NA NA 547763.369661851 5597644.92981428 5.24542974830661 43.6134979887314
"1979-07-03" 1979-07-03 "P07" NA "0.39930555555555558" NA NA 4.1 9.5 7.07 645 5.34 71 1.51 13.7 1.2 2 25 20 5 0 80 20 0 NA NA NA "n.n. ersetzt druch 0" NA 0.45 NA 0.135 NA "P07" "071979" "P07_071979" 1003.355 933.8 69.56 547621.729100792 5597291.44577397 212.634119292897 313.413206998357
"1979-07-03" 1979-07-03 "P08" NA "0.41666666666666669" NA NA 3.75 9.2 6.93 398 3.54 32.5 1.54 13.8 1.6 3 65 10 0 55 15 0 85 NA NA NA "Sp. Ersetzt durch 0.5" NA 0.6 NA 0.18 NA "P08" "071979" "P08_071979" 26.115 23.365 2.65 547597.916553167 5597489.88367085 63.9337749672504 247.655679007636
"1979-07-03" 1979-07-03 "P09" NA "0.43055555555555558" NA NA 3.6 9.9 6.9 480 3.42 3.42 2.36 21.6 1.2 4 55 0 5 50 0 9.1 90.9 NA NA NA NA NA 0.45 NA 0.135 NA "P09" "071979" "P09_071979" 72.495 65.355 7.135 547553.113685783 5597640.34369399 83.1112019991984 177.298630876248
"1979-07-06" 1979-07-06 "P10" NA "0.41319444444444442" NA NA 3.9 10.7 7.09 486 4.49 4.49 5.5 51.2 0.8 6 150 40 0.5 110 27 0 73 NA NA NA "Sp. Ersetzt durch 0.5" NA 0.3 NA 0.09 NA "P10" "071979" "P10_071979" 861.3 798.88 62.42 547661.416680167 5597787.80510003 42.0833938384613 42.0833938384613
"1979-07-04" 1979-07-04 "P11" NA "0.3298611111111111" NA NA 2.6 10.5 6.68 382 1.68 1.68 4.5 41.7 1.2 2 560 485 25 50 86.6 4.5 8.9 NA NA NA NA NA 0.45 NA 0.135 NA "P11" "071979" "P11_071979" 267.24 243.975 23.715 547659.829176992 5597925.38870853 25.2460520856778 25.2460520856778
"1979-07-03" 1979-07-03 "P12" NA "0.44444444444444442" NA NA NA NA NA NA NA NA NA NA NA NA NA NA NA NA NA NA NA NA NA NA NA NA NA NA NA NA "P12" "071979" "P12_071979" NA NA NA 547534.416426167 5598038.10143395 127.400093596062 127.400093596062
"1979-07-03" 1979-07-03 "P13" NA "0.44444444444444442" NA NA NA NA NA NA NA NA NA NA NA NA NA NA NA NA NA NA NA NA NA NA "k. W." NA NA NA NA NA "P13" "071979" "P13_071979" NA NA NA 547493.141343616 5598135.46829535 183.306089631364 183.306089631364
"1979-07-03" 1979-07-03 "P22" NA "0.4513888888888889" NA NA 4.8 NA 6.74 883 4 48.1 5.1 NA 1.9 13 10500 10300 30 150 98.3 0.3 1.43129770992366 NA NA NA NA NA 0.7125 NA 0.21375 NA "P22" "071979" "P22_071979" NA NA NA 547382.721678333 5598081.31679816 251.332720303273 283.099343058577
"1979-07-03" 1979-07-03 "P23" NA "0.45833333333333331" NA NA 3.7 11.1 7.28 581 4.97 16.8 2.45 23 1.2 15 370 340 10 20 91.9 2.7 5.40540540540541 NA NA NA NA NA 0.45 NA 0.135 NA "P23" "071979" "P23_071979" 59.615 51.545 8.075 547296.290949916 5597953.96376568 268.971293943837 369.874657063021
"1979-07-02" 1979-07-02 "P24" NA "0.34027777777777773" NA NA 3.5 9.1 7.21 895 4.24 79.4 1.09 9.8 1.2 2 260 25 10 225 9.6 3.8 86.5384615384615 NA NA NA NA NA 0.45 NA 0.135 NA "P24" "071979" "P24_071979" 284.315 262.99 21.275 547383.603624541 5597620.14712582 5.50142533739456 342.890974516111
"1979-07-03" 1979-07-03 "P25" NA "0.38541666666666669" NA NA 5 8.6 6.58 281 2.63 21.4 0.47 4.2 3.8 2 350 35 10 305 10 2.9 87.1428571428571 NA NA NA NA NA 1.425 NA 0.4275 NA "P25" "071979" "P25_071979" 370.115 347.765 22.26 547416.500218112 5597383.87373661 6.69597931636695 443.148617361448
"1979-07-02" 1979-07-02 "P26" NA "0.38541666666666669" NA NA 4.55 9.1 6.98 478 2.79 43.5 3.85 34.5 1.6 27 3270 3190 0.5 80 97.6 0 2.44610915762116 NA NA NA "Sp. Ersetzt durch 0.5" NA 0.6 NA 0.18 NA "P26" "071979" "P26_071979" 293.74 270.78 22.96 547230.674152015 5597626.93811162 118.938984402101 489.947582775275
"1979-07-02" 1979-07-02 "P26" "1" "0.39583333333333331" NA NA 2.1 12.7 6.57 387 1.44 51 3.61 35.2 2.2 4 3620 3480 14 125 96.2 0.4 3.45399281569494 NA NA NA NA NA 0.825 NA 0.2475 "1" "P26_1" "071979" "P26_1_071979" NA NA NA 547230.674152015 5597626.93811162 118.938984402101 489.947582775275
"1979-07-02" 1979-07-02 "P26" "2" "0.40625" NA NA 2.1 10.7 6.5 349 1 48.3 8.36 77.8 2.8 3 1150 1050 18 85 91 1.6 7.37207285342585 NA NA NA NA NA 1.05 NA 0.315 "2" "P26_2" "071979" "P26_2_071979" NA NA NA 547230.674152015 5597626.93811162 118.938984402101 489.947582775275
"1979-07-02" 1979-07-02 "P26" "3" "0.41666666666666669" NA NA 3 9.8 6.68 424 2.12 44.9 4.4 40.1 1.6 0.5 2030 2010 10 10 99 0.5 0.492610837438424 NA NA NA "Sp. Ersetzt durch 0.5" NA 0.6 NA 0.18 "3" "P26_3" "071979" "P26_3_071979" NA NA NA 547230.674152015 5597626.93811162 118.938984402101 489.947582775275
"1979-07-02" 1979-07-02 "P26" "4" "0.43055555555555558" NA NA 3 9.8 6.48 352 1.54 42.2 4.75 43.3 1.8 2 660 580 14 65 88 2.1 9.86342943854325 NA NA NA NA NA 0.675 NA 0.2025 "4" "P26_4" "071979" "P26_4_071979" NA NA NA 547230.674152015 5597626.93811162 118.938984402101 489.947582775275
"1979-07-02" 1979-07-02 "P26" "5" "0.44444444444444442" NA NA 4 8.8 7.1 528 3.08 44.7 4.14 36.8 0.4 2 4360 4260 0.5 100 97.7 0 2.29331498681344 NA NA NA "Sp. Ersetzt durch 0.5" NA 0.15 NA 0.045 "5" "P26_5" "071979" "P26_5_071979" NA NA NA 547230.674152015 5597626.93811162 118.938984402101 489.947582775275
"1979-07-03" 1979-07-03 "P27" NA "0.37152777777777773" NA NA 4.2 9 7.2 1101 4.66 126.2 3.02 27 0.8 11 3770 3740 0.5 25 99.2 0 0.663922453857389 NA NA NA "Sp. Ersetzt durch 0.5" NA 0.3 NA 0.09 NA "P27" "071979" "P27_071979" 529.81 504.49 25.32 547181.46155359 5597345.77366041 14.1024545094393 648.73917502567
"1979-07-02" 1979-07-02 "P28" NA "0.36458333333333331" NA NA 5.2 8.1 6.81 410 2.32 46.3 6.8 59.4 0.5 27 9040 9000 0.5 40 99.6 0 0.442453404125878 NA NA NA "Sp. Ersetzt durch 0.5" NA 0.1875 NA 0.05625 NA "P28" "071979" "P28_071979" 354.95 335.08 19.86 547076.950927902 5597619.79434734 235.275365930542 642.263131525091
"1979-07-03" 1979-07-03 "P31" NA "0.3576388888888889" NA NA 4 11.5 6.37 268 1.86 26.4 1.94 18.4 2.2 1 680 500 5 175 7.4 0.7 25.7352941176471 NA NA NA NA NA 0.825 NA 0.2475 NA "P31" "071979" "P31_071979" NA NA NA 547949.283922568 5597148.57048822 6.06638807236321 71.8322427497757
"1979-07-06" 1979-07-06 "P32" NA "0.3611111111111111" NA NA 4.3 9.2 7.28 519 4.28 50.7 2.08 18.7 1.2 9 520 465 10 45 89 1.9 8.65384615384615 NA NA NA NA NA 0.45 NA 0.135 NA "P32" "071979" "P32_071979" 502.59 471.44 31.14 547620.670765342 5597035.8577628 16.3935506166589 295.030902995258
"1979-07-06" 1979-07-06 "Ful" NA "0.41319444444444442" NA NA NA 14.3 7.56 378 1.52 64.3 NA NA 5.5 500 4640 4180 170 295 90 3.7 6.35091496232508 NA NA NA NA NA 2.0625 NA 0.61875 NA "Ful" "071979" "Ful_071979" NA NA NA 547759.094909668 5597688.33331299 0 2.33465325998646e-09
"1979-07-06" 1979-07-06 "Sei" NA "0.40972222222222227" NA NA NA 13 7.69 223 1.26 21.4 NA NA 6.5 330 4650 4300 148 200 92.5 3.2 4.30292598967298 NA NA NA NA NA 2.4375 NA 0.73125 NA "Sei" "071979" "Sei_071979" NA NA NA 547768.354841584 5597643.29771444 0 4
"1979-04-24" 1979-04-24 "P06" NA "0.3576388888888889" NA NA 2.45 7.9 6.8 270 1.69 23.3 6.7 58.3 3.4 114 130 30 6 98 22.3880597014925 4.47761194029851 73.134328358209 NA NA NA NA NA 1.275 NA 0.3825 NA "P06" "041979" "P06_041979" 528.37 489.94 43.43 547763.369661851 5597644.92981428 5.24542974830661 43.6134979887314
"1979-04-24" 1979-04-24 "P09" NA "0.3888888888888889" NA NA 3.6 6 6.81 382 2.24 50.9 3.41 28.3 2.6 4 110 4 26 80 3.63636363636364 23.6363636363636 72.7272727272727 NA NA NA NA NA 0.975 NA 0.2925 NA "P09" "041979" "P09_041979" 86.05 73.2 12.85 547553.113685783 5597640.34369399 83.1112019991984 177.298630876248
"1979-04-24" 1979-04-24 "P10" NA "0.375" NA NA 3.8 6 7.18 515 4.45 29.7 3.33 27.6 1.3 3 40 0 3 70 0 4.10958904109589 95.8904109589041 NA NA NA NA NA 0.4875 NA 0.14625 NA "P10" "041979" "P10_041979" 363.16 331.55 31.61 547661.416680167 5597787.80510003 42.0833938384613 42.0833938384613
"1979-04-24" 1979-04-24 "P11" NA "0.40972222222222227" NA NA 2.6 6.6 6.71 445 1.74 52.7 4.14 34.8 1.6 2 110 30 6 70 28.3018867924528 5.66037735849057 66.0377358490566 NA NA NA NA NA 0.6 NA 0.18 NA "P11" "041979" "P11_041979" 246.48 218.72 27.76 547659.829176992 5597925.38870853 25.2460520856778 25.2460520856778
"1979-04-25" 1979-04-25 "P23" NA "0.34722222222222227" NA NA 3.7 6.8 6.94 400 4.42 4.42 3.65 30.9 2.1 18 180 100 6 75 55.2486187845304 3.31491712707182 41.4364640883978 NA NA NA NA NA 0.7875 NA 0.23625 NA "P23" "041979" "P23_041979" 70.905 69.43 1.47 547296.290949916 5597953.96376568 268.971293943837 369.874657063021
"1979-04-25" 1979-04-25 "P26" NA "0.3611111111111111" NA NA 4.55 6.8 6.18 371 1.16 1.16 7.08 59.9 2.1 30 130 70 6 58 52.2388059701493 4.47761194029851 43.2835820895522 NA NA NA NA NA 0.7875 NA 0.23625 NA "P26" "041979" "P26_041979" 337 309.28 27.77 547230.674152015 5597626.93811162 118.938984402101 489.947582775275
"1979-04-25" 1979-04-25 "P26" "1" "0.37152777777777773" NA NA 2 8 6.49 383 1.42 1.42 3.43 30.6 1.3 2 110 10 6 98 8.7719298245614 5.26315789473684 85.9649122807018 NA NA NA NA NA 0.4875 NA 0.14625 "1" "P26_1" "041979" "P26_1_041979" NA NA NA 547230.674152015 5597626.93811162 118.938984402101 489.947582775275
"1979-04-25" 1979-04-25 "P26" "2" "0.37847222222222227" NA NA 2.1 6.6 6.16 365 0.94 0.94 6.4 53.9 1.6 6 40 0 6 45 0 11.7647058823529 88.2352941176471 NA NA NA NA NA 0.6 NA 0.18 "2" "P26_2" "041979" "P26_2_041979" NA NA NA 547230.674152015 5597626.93811162 118.938984402101 489.947582775275
"1979-04-25" 1979-04-25 "P26" "3" "0.3888888888888889" NA NA 3 6.8 6.12 354 1.14 1.14 7.47 63.2 1.9 2 110 20 18 75 17.6991150442478 15.929203539823 66.3716814159292 NA NA NA NA NA 0.7125 NA 0.21375 "3" "P26_3" "041979" "P26_3_041979" NA NA NA 547230.674152015 5597626.93811162 118.938984402101 489.947582775275
"1979-04-25" 1979-04-25 "P26" "4" "0.39930555555555558" NA NA 3 6.4 6.24 367 1.28 1.28 6.74 56.4 1.6 2 80 20 12 52 23.8095238095238 14.2857142857143 61.9047619047619 NA NA NA NA NA 0.6 NA 0.18 "4" "P26_4" "041979" "P26_4_041979" NA NA NA 547230.674152015 5597626.93811162 118.938984402101 489.947582775275
"1979-04-25" 1979-04-25 "P26" "5" "0.40972222222222227" NA NA 4 6.6 6.12 353 1.24 1.24 7.25 61 1.6 11 60 20 6 35 32.7868852459016 9.83606557377049 57.3770491803279 NA NA NA NA NA 0.6 NA 0.18 "5" "P26_5" "041979" "P26_5_041979" NA NA NA 547230.674152015 5597626.93811162 118.938984402101 489.947582775275
"1979-04-18" 1979-04-18 "P22" NA "0.40625" NA NA 4.5 5.9 7.07 750 3.54 43.8 8.52 70.47 1.6 8 110 260 6 146 63.1067961165049 1.45631067961165 35.4368932038835 NA NA NA NA NA 0.6 NA 0.18 NA "P22" "041979" "P22_041979" 118.81 98.34 20.47 547382.721678333 5598081.31679816 251.332720303273 283.099343058577
"1979-04-18" 1979-04-18 "P24" NA "0.39583333333333331" NA NA 3.5 5.9 7.14 1066 3.44 109.3 1.09 9 1.9 2 450 230 12 208 51.1111111111111 2.66666666666667 46.2222222222222 NA NA NA NA NA 0.7125 NA 0.21375 NA "P24" "041979" "P24_041979" 352.39 326.365 25.97 547383.603624541 5597620.14712582 5.50142533739456 342.890974516111
"1979-04-18" 1979-04-18 "P25" NA "0.38541666666666669" NA NA 5 6.6 6.7 277 1.83 24.1 1.48 12.46 2.8 2 560 310 6 240 55.7553956834532 1.07913669064748 43.1654676258993 NA NA NA NA NA 1.05 NA 0.315 NA "P25" "041979" "P25_041979" 418.96 379.485 39.495 547416.500218112 5597383.87373661 6.69597931636695 443.148617361448
"1979-04-18" 1979-04-18 "P27" NA "0.3576388888888889" NA NA 4.2 6.6 7.17 1041 4.4 131.9 3.03 25.51 0.8 13 80 10 6 62 12.8205128205128 7.69230769230769 79.4871794871795 NA NA NA NA NA 0.3 NA 0.09 NA "P27" "041979" "P27_041979" 662.19 618.585 43.545 547181.46155359 5597345.77366041 14.1024545094393 648.73917502567
"1979-04-18" 1979-04-18 "P28" NA "0.35416666666666669" NA NA 5 7.3 6.62 391 2.05 41.4 7.39 63.3 0.5 33 130 40 0.5 88 31.1284046692607 0.389105058365759 68.4824902723735 NA NA NA "Sp. Ersetz durch 0.5" NA 0.1875 NA 0.05625 NA "P28" "041979" "P28_041979" 503.94 475.47 28.375 547076.950927902 5597619.79434734 235.275365930542 642.263131525091
"1979-04-19" 1979-04-19 "P01" NA "0.39583333333333331" NA NA 4.5 6.1 6.5 492 2.58 22.9 1.42 11.8 3 2 80 0 47 102 0 31.5436241610738 68.4563758389262 NA NA NA NA NA 1.125 NA 0.3375 NA "P01" "041979" "P01_041979" 30.8 19.48 11.31 547498.962188591 5597801.56346088 15.7520116309279 197.921006683123
"1979-04-19" 1979-04-19 "P07" NA "0.37152777777777773" NA NA 4.1 5.8 7 630 5.5 34.8 1.29 10.6 1.6 1 40 0 9 70 0 11.3924050632911 88.6075949367089 NA NA NA NA NA 0.6 NA 0.18 NA "P07" "041979" "P07_041979" 604.18 560.25 43.93 547621.729100792 5597291.44577397 212.634119292897 313.413206998357
"1979-04-19" 1979-04-19 "P08" NA "0.38194444444444442" NA NA 3.75 6.5 6.94 379 3.34 16.4 1.22 10.2 1.9 8 130 0 3 138 0 2.12765957446809 97.8723404255319 NA NA NA NA NA 0.7125 NA 0.21375 NA "P08" "041979" "P08_041979" 41.14 33.1 8.05 547597.916553167 5597489.88367085 63.9337749672504 247.655679007636
"1979-04-19" 1979-04-19 "P13" NA "0.39930555555555558" NA NA 4.5 NA 5.93 561 0.81 14.5 2.45 20.1 6.6 1 3770 1800 158 1810 47.7707006369427 4.1932059447983 48.036093418259 NA NA NA NA NA 2.475 NA 0.7425 NA "P13" "041979" "P13_041979" NA NA NA 547493.141343616 5598135.46829535 183.306089631364 183.306089631364
"1979-04-19" 1979-04-19 "P32" NA "0.35416666666666669" NA NA 4.3 6.2 6.93 219 1.01 10.9 4.34 3.62 1.3 16 180 90 6 80 51.1363636363636 3.40909090909091 45.4545454545455 NA NA NA NA NA 0.4875 NA 0.14625 NA "P32" "041979" "P32_041979" NA NA NA 547620.670765342 5597035.8577628 16.3935506166589 295.030902995258
"1979-04-20" 1979-04-20 "P03" NA "0.38541666666666669" NA NA 3.9 6.3 6.8 237 1.32 11.9 1.74 14.54 2.6 32 280 90 12 174 32.6086956521739 4.34782608695652 63.0434782608696 NA NA NA NA NA 0.975 NA 0.2925 NA "P03" "041979" "P03_041979" 243.69 223.96 19.73 547560.433839313 5597833.57810824 11.4637509679278 134.609685300649
"1979-04-20" 1979-04-20 "P04" NA "0.35416666666666669" NA NA 3.8 5.9 6.78 370 2.7 26.1 2.06 17 3.4 2 80 0 18 70 0 20.4545454545455 79.5454545454545 NA NA NA NA NA 1.275 NA 0.3825 NA "P04" "041979" "P04_041979" 665.34 603.26 62.08 547799.529456393 5597213.6581184 83.3823591725279 171.421887733143
"1979-04-20" 1979-04-20 "P05" NA "0.36458333333333331" NA NA 3.3 5.6 7.16 1106 4.38 21.2 1.76 14.4 0.8 2 130 5 9 116 3.84615384615385 6.92307692307692 89.2307692307692 NA NA NA NA NA 0.3 NA 0.09 NA "P05" "041979" "P05_041979" 234.17 210.9 23.27 547771.483566968 5597426.91271157 135.964919243589 135.964919243589
"1979-04-20" 1979-04-20 "P06" NA "0.375" NA NA NA NA NA NA NA NA NA NA NA NA NA NA NA NA NA NA NA NA NA NA NA NA NA NA NA NA "P06" "041979" "P06_041979" 528.37 489.94 43.43 547763.369661851 5597644.92981428 5.24542974830661 43.6134979887314
"1979-04-20" 1979-04-20 "P31" NA "0.34027777777777773" NA NA 4 6.6 6.23 207 1.34 9.4 1.82 15.3 1.6 2 180 60 6 112 33.7078651685393 3.37078651685393 62.9213483146067 NA NA NA NA NA 0.6 NA 0.18 NA "P31" "041979" "P31_041979" NA NA NA 547949.283922568 5597148.57048822 6.06638807236321 71.8322427497757
"1979-04-20" 1979-04-20 "Ful" NA "0.38194444444444442" NA NA NA 6.1 7.55 316 1.04 29.3 NA NA 1.9 110 340 170 35 140 49.2753623188406 10.1449275362319 40.5797101449275 NA NA NA NA NA 0.7125 NA 0.21375 NA "Ful" "041979" "Ful_041979" NA NA NA 547759.094909668 5597688.33331299 0 2.33465325998646e-09
"1979-04-20" 1979-04-20 "Sei" NA "0.38194444444444442" NA NA NA 6.1 7.67 203 0.87 11 NA NA 1.9 60 180 80 23 80 43.7158469945355 12.568306010929 43.7158469945355 NA NA NA NA NA 0.7125 NA 0.21375 NA "Sei" "041979" "Sei_041979" NA NA NA 547768.354841584 5597643.29771444 0 4
"1979-01-29" 1979-01-29 "P22" NA "0.4375" NA NA 4.5 5.5 6.79 1243 3.78 20.5 7.53 62 3.9 9 15800 15600 6 175 98.8530511374438 0.0380204042836322 1.10892845827261 NA NA NA NA NA 1.4625 NA 0.43875 NA "P22" "011979" "P22_011979" NA NA NA 547382.721678333 5598081.31679816 251.332720303273 283.099343058577
"1979-01-26" 1979-01-26 "P31" NA "0.39930555555555558" NA NA 4 5.5 6.67 294 2.38 30.7 2.61 21 1.4 3 440 85 6 350 19.2743764172336 1.36054421768707 79.3650793650794 NA NA NA NA NA 0.525 NA 0.1575 NA "P31" "011979" "P31_011979" 361.57 310.32 51.25 547949.283922568 5597148.57048822 6.06638807236321 71.8322427497757
"1979-01-26" 1979-01-26 "P06" NA "0.4513888888888889" NA NA 2.45 1.5 7.01 283 1.56 28.1 7.85 58 1.8 128 6250 6060 6 185 96.9444888817789 0.0959846424572069 2.95952647576388 NA NA NA NA NA 0.675 NA 0.2025 NA "P06" "011979" "P06_011979" 928.8 842.37 86.43 547763.369661851 5597644.92981428 5.24542974830661 43.6134979887314
"1978-10-26" 1978-10-26 "P07" NA "0.33680555555555558" NA NA 4.1 11.3 7 643 6.1 68.2 1.18 11 1.5 0.5 50 21 9 20 42 18 40 NA NA NA "Sp. Ersetz durch 0.5" NA 0.5625 NA 0.16875 NA "P07" "101978" "P07_101978" NA NA NA 547621.729100792 5597291.44577397 212.634119292897 313.413206998357
"1978-10-26" 1978-10-26 "P08" NA "0.3576388888888889" NA NA 3.75 11.1 6.78 349 3.24 30.7 1.63 15 2.1 4 155 0 2 155 0 1.27388535031847 98.7261146496815 NA NA NA NA NA 0.7875 NA 0.23625 NA "P08" "101978" "P08_101978" NA NA NA 547597.916553167 5597489.88367085 63.9337749672504 247.655679007636
"1978-10-26" 1978-10-26 "P09" NA "0.3611111111111111" NA NA 3.6 10.7 6.83 512 3.89 29.4 1.31 12 1.5 1 90 33 7 50 36.6666666666667 7.77777777777778 55.5555555555556 NA NA NA NA NA 0.5625 NA 0.16875 NA "P09" "101978" "P09_101978" NA NA NA 547553.113685783 5597640.34369399 83.1112019991984 177.298630876248
"1978-10-26" 1978-10-26 "P26" NA "0.39930555555555558" NA NA 4.55 10.4 6.95 446 3.12 34.8 4.2 39 0.6 20 3650 3590 0.5 55 98.4775750925799 0.0137155397064875 1.50870936771362 NA NA NA "Sp. Ersetz durch 0.5" NA 0.225 NA 0.0675 NA "P26" "101978" "P26_101978" NA NA NA 547230.674152015 5597626.93811162 118.938984402101 489.947582775275
"1978-10-26" 1978-10-26 "P28" NA "0.37847222222222227" NA NA 5.2 9.3 6.72 386 2.34 41.8 7.29 66 0.4 36 8630 8590 0.5 35 99.5884296562518 0.00579676540490406 0.405773578343284 NA NA NA "Sp. Ersetz durch 0.5" NA 0.15 NA 0.045 NA "P28" "101978" "P28_101978" NA NA NA 547076.950927902 5597619.79434734 235.275365930542 642.263131525091
"1978-11-29" 1978-11-29 "P26" NA "0.3576388888888889" NA NA 4.35 9.7 6.96 452 3.19 34.2 3.79 34 0.4 22 2980 2870 0.5 110 96.2925683610133 0.0167757087736957 3.69065593021305 NA NA NA "Sp. Ersetzt durch 0.5" NA 0.15 NA 0.045 NA "P26" "111978" "P26_111978" NA NA NA 547230.674152015 5597626.93811162 118.938984402101 489.947582775275
"1978-12-12" 1978-12-12 "P09" NA "0.34375" NA NA 3.6 9 6.87 462 3.64 28 1.46 13 1 3 120 60 6 55 49.5867768595041 4.95867768595041 45.4545454545455 NA NA NA NA NA 0.375 NA 0.1125 NA "P09" "121978" "P09_121978" NA NA NA 547553.113685783 5597640.34369399 83.1112019991984 177.298630876248
"1978-12-13" 1978-12-13 "P03" NA NA NA NA 3.9 5.6 6.96 387 2.24 53 6.6 54 3.1 60 5360 5130 6 225 95.6911024062675 0.111919418019026 4.19697817571349 NA NA NA NA NA 1.1625 NA 0.34875 NA "P03" "121978" "P03_121978" NA NA NA 547560.433839313 5597833.57810824 11.4637509679278 134.609685300649
"1978-12-13" 1978-12-13 "P08" NA NA NA NA 3.75 9.2 6.78 352 2.76 40.2 1.57 14 1.6 8 150 45 3 100 30.4054054054054 2.02702702702703 67.5675675675676 NA NA NA NA NA 0.6 NA 0.18 NA "P08" "121978" "P08_121978" NA NA NA 547597.916553167 5597489.88367085 63.9337749672504 247.655679007636
"1978-12-13" 1978-12-13 "Ful" NA NA NA NA NA 5.7 7.52 266 1.448 37.8 NA NA 2.3 330 3330 2620 43 670 78.6078607860786 1.29012901290129 20.1020102010201 NA NA NA NA NA 0.8625 NA 0.25875 NA "Ful" "121978" "Ful_121978" NA NA NA 547759.094909668 5597688.33331299 0 2.33465325998646e-09
"1978-12-13" 1978-12-13 "Sei" NA NA NA NA NA 5.1 7.48 371 2.72 40.2 NA NA 5.8 760 5350 3220 56 2070 60.231949120838 1.04751215862327 38.7205387205387 NA NA NA NA NA 2.175 NA 0.6525 NA "Sei" "121978" "Sei_121978" NA NA NA 547768.354841584 5597643.29771444 0 4
"1978-12-19" 1978-12-19 "P24" NA "0.3576388888888889" NA NA 3.5 8.5 7.12 903 4.96 27.5 1.76 16 0.8 4 340 155 6 180 45.4545454545455 1.75953079178886 52.7859237536657 NA NA NA NA NA 0.3 NA 0.09 NA "P24" "121978" "P24_121978" NA NA NA 547383.603624541 5597620.14712582 5.50142533739456 342.890974516111
"1978-10-24" 1978-10-24 "P04" NA "0.38541666666666669" NA NA 3.8 10.9 6.88 378 3.62 28.5 1.08 10.1 2.3 1 175 35 5 135 20 2.85714285714286 77.1428571428571 NA NA NA NA NA 0.8625 NA 0.25875 NA "P04" "101978" "P04_101978" NA NA NA 547799.529456393 5597213.6581184 83.3823591725279 171.421887733143
"1978-10-24" 1978-10-24 "P05" NA "0.39930555555555558" NA NA 3.3 11.2 7.25 740 4.46 62.9 6.83 64 1.5 1 290 0 2 330 0 0.602409638554217 99.3975903614458 NA NA NA NA NA 0.5625 NA 0.16875 NA "P05" "101978" "P05_101978" NA NA NA 547771.483566968 5597426.91271157 135.964919243589 135.964919243589
"1978-10-24" 1978-10-24 "P10" NA "0.41319444444444442" NA NA 3.9 10.9 7.14 511 4.46 54.5 3.46 32 1 1 155 50 2 105 31.8471337579618 1.27388535031847 66.8789808917197 NA NA NA NA NA 0.375 NA 0.1125 NA "P10" "101978" "P10_101978" NA NA NA 547661.416680167 5597787.80510003 42.0833938384613 42.0833938384613
"1978-10-24" 1978-10-24 "P25" NA "0.42708333333333331" NA NA 5 10.5 6.38 278 2.82 24.4 0.91 8.4 3 11 540 65 2 475 11.9926199261993 0.3690036900369 87.6383763837638 NA NA NA NA NA 1.125 NA 0.3375 NA "P25" "101978" "P25_101978" NA NA NA 547416.500218112 5597383.87373661 6.69597931636695 443.148617361448
"1978-10-24" 1978-10-24 "P26" "2" "0.4513888888888889" NA NA NA NA NA NA NA NA NA NA NA NA NA NA NA NA NA NA NA NA NA NA "k. W." NA NA NA NA "2" "P26_2" "101978" "P26_2_101978" NA NA NA 547230.674152015 5597626.93811162 118.938984402101 489.947582775275
"1978-10-24" 1978-10-24 "P26" "3" "0.46180555555555558" NA NA 3 10.6 6.76 378 2.56 32.7 6.09 57 0.6 0.5 1720 1630 9 80 94.8225712623618 0.523560209424084 4.65386852821408 NA NA NA "Sp. Ersetzt durch 0.5" NA 0.225 NA 0.0675 "3" "P26_3" "101978" "P26_3_101978" NA NA NA 547230.674152015 5597626.93811162 118.938984402101 489.947582775275
"1978-10-24" 1978-10-24 "P26" "4" "0.46875" NA NA 3 10.8 6.8 338 2.16 31.8 7.26 68 0.6 0 955 880 5 70 92.1465968586387 0.523560209424084 7.32984293193717 NA NA NA "Sp. Ersetzt durch 0.5" NA 0.225 NA 0.0675 "4" "P26_4" "101978" "P26_4_101978" NA NA NA 547230.674152015 5597626.93811162 118.938984402101 489.947582775275
"1978-10-24" 1978-10-24 "P26" "5" "0.47569444444444442" NA NA 4 10.4 7.1 475 3.46 34.9 4.34 40 0.4 1 5020 4970 0.5 50 98.994124091226 0.00995916741360422 0.995916741360422 NA NA NA "Sp. Ersetzt durch 0.5" NA 0.15 NA 0.045 "5" "P26_5" "101978" "P26_5_101978" NA NA NA 547230.674152015 5597626.93811162 118.938984402101 489.947582775275
"1978-10-24" 1978-10-24 "P27" NA "0.4375" NA NA 4.2 11.1 6.98 1156 5.14 157.1 3 28 1 9 1490 1450 2 35 97.511768661735 0.134498991257566 2.3537323470074 NA NA NA NA NA 0.375 NA 0.1125 NA "P27" "101978" "P27_101978" NA NA NA 547181.46155359 5597345.77366041 14.1024545094393 648.73917502567
"1978-10-24" 1978-10-24 "P31" NA "0.34722222222222227" NA NA 4.25 NA 6.56 323 2.98 26.7 0.73 6.8 2.3 0.5 555 0 5 595 0 0.833333333333333 99.1666666666667 NA NA NA "Sp. Ersetzt durch 0.5" NA 0.8625 NA 0.25875 NA "P31" "101978" "P31_101978" NA NA NA 547949.283922568 5597148.57048822 6.06638807236321 71.8322427497757
"1978-10-24" 1978-10-24 "P32" NA "0.36805555555555558" NA NA 4.3 10.3 7.33 623 5.28 61.9 2.14 20 0.8 11 70 0 2 100 0 1.96078431372549 98.0392156862745 NA NA NA NA NA 0.3 NA 0.09 NA "P32" "101978" "P32_101978" NA NA NA 547620.670765342 5597035.8577628 16.3935506166589 295.030902995258
"1978-10-25" 1978-10-25 "P01" NA "0.38194444444444442" NA NA 4.5 10.6 6.68 1041 3.47 90 1.75 16 2.1 5 230 45 2 185 19.3965517241379 0.862068965517241 79.7413793103448 NA NA NA NA NA 0.7875 NA 0.23625 NA "P01" "101978" "P01_101978" NA NA NA 547498.962188591 5597801.56346088 15.7520116309279 197.921006683123
"1978-10-25" 1978-10-25 "P03" NA "0.37152777777777773" NA NA 3.9 9 7.03 310 2.72 30 2.75 25 2.5 117 6090 5610 5 475 92.1182266009852 0.0821018062397373 7.79967159277504 NA NA NA NA NA 0.9375 NA 0.28125 NA "P03" "101978" "P03_101978" NA NA NA 547560.433839313 5597833.57810824 11.4637509679278 134.609685300649
"1978-10-25" 1978-10-25 "P06" NA "0.34027777777777773" NA NA NA NA NA NA NA NA NA NA NA NA NA NA NA NA NA NA NA NA NA NA NA NA NA NA NA NA "P06" "101978" "P06_101978" NA NA NA 547763.369661851 5597644.92981428 5.24542974830661 43.6134979887314
"1978-10-25" 1978-10-25 "P11" NA "0.35416666666666669" NA NA 2.6 11.3 6.96 270 1.94 35.5 7.56 71 1.5 0.5 410 260 49 100 63.5696821515892 11.9804400977995 24.4498777506112 NA NA NA "Sp. Ersetzt durch 0.5" NA 0.5625 NA 0.16875 NA "P11" "101978" "P11_101978" NA NA NA 547659.829176992 5597925.38870853 25.2460520856778 25.2460520856778
"1978-10-25" 1978-10-25 "P12" NA "0.39930555555555558" NA NA NA NA NA NA NA NA NA NA NA NA NA NA NA NA NA NA NA NA NA NA NA NA NA NA NA NA "P12" "101978" "P12_101978" NA NA NA 547534.416426167 5598038.10143395 127.400093596062 127.400093596062
"1978-10-25" 1978-10-25 "P13" NA "0.40277777777777773" NA NA NA NA NA NA NA NA NA NA NA NA NA NA NA NA NA NA NA NA NA NA NA NA NA NA NA NA "P13" "101978" "P13_101978" NA NA NA 547493.141343616 5598135.46829535 183.306089631364 183.306089631364
"1978-10-25" 1978-10-25 "P22" NA "0.40625" NA NA 4.8 11.2 6.72 1100 5.28 49.8 NA NA 2.1 4 11700 11500 5 225 98.0392156862745 0.0426257459505541 1.91815856777494 NA NA NA NA NA 0.7875 NA 0.23625 NA "P22" "101978" "P22_101978" NA NA NA 547382.721678333 5598081.31679816 251.332720303273 283.099343058577
"1978-10-25" 1978-10-25 "P23" NA "0.41666666666666669" NA NA 3.7 12 7.21 729 4.96 26.1 2.14 21 0.8 15 280 215 5 60 76.7857142857143 1.78571428571429 21.4285714285714 NA NA NA NA NA 0.3 NA 0.09 NA "P23" "101978" "P23_101978" NA NA NA 547296.290949916 5597953.96376568 268.971293943837 369.874657063021
"1978-10-25" 1978-10-25 "P24" NA "0.43055555555555558" NA NA 3.5 11.1 7.08 1057 4.58 26.6 1.06 9.9 1.1 2 240 15 9 215 6.27615062761506 3.76569037656904 89.9581589958159 NA NA NA NA NA 0.4125 NA 0.12375 NA "P24" "101978" "P24_101978" NA NA NA 547383.603624541 5597620.14712582 5.50142533739456 342.890974516111
"1978-10-25" 1978-10-25 "Ful" NA "0.34722222222222227" NA NA NA 8.4 7.48 270 1.86 34.4 NA NA 3.4 525 3310 3050 56 200 92.2565033272837 1.69388989715668 6.04960677555959 NA NA NA NA NA 1.275 NA 0.3825 "bei P06" "Ful" "101978" "Ful_101978" NA NA NA 547759.094909668 5597688.33331299 0 2.33465325998646e-09
"1978-10-25" 1978-10-25 "Sei" NA "0.34375" NA NA NA 8.6 7.41 291 2.58 27.4 NA NA 4.2 1120 5230 4950 70 215 94.5558739255014 1.33715377268386 4.10697230181471 NA NA NA NA NA 1.575 NA 0.4725 "bei P06" "Sei" "101978" "Sei_101978" NA NA NA 547768.354841584 5597643.29771444 0 4
"1978-08-08" 1978-08-08 "P01" NA "0.3611111111111111" NA NA 4.5 9.7 6.48 1242 3.4 220.1 2.02 18 0.8 3 90 60 1 29 66.6666666666667 1.11111111111111 32.2222222222222 NA NA NA NA NA 0.3 NA 0.09 NA "P01" "081978" "P01_081978" NA NA NA 547498.962188591 5597801.56346088 15.7520116309279 197.921006683123
"1978-08-08" 1978-08-08 "P03" NA "0.3576388888888889" NA NA 3.9 12 6.78 43 3.12 27 2.73 26 1.6 13 1690 1640 1 46 97.2139893301719 0.0592768227622999 2.7267338470658 NA NA NA NA NA 0.6 NA 0.18 NA "P03" "081978" "P03_081978" NA NA NA 547560.433839313 5597833.57810824 11.4637509679278 134.609685300649
"1978-08-08" 1978-08-08 "P07" NA "0.44097222222222227" NA NA 4.1 10.7 6.97 644 5.74 68.5 1.43 13 0.4 3 10 0 9 12 0 42.8571428571429 57.1428571428571 NA NA NA NA NA 0.15 NA 0.045 NA "P07" "081978" "P07_081978" NA NA NA 547621.729100792 5597291.44577397 212.634119292897 313.413206998357
"1978-08-08" 1978-08-08 "P08" NA "0.42708333333333331" NA NA 3.75 10.6 6.83 398 3.02 34.5 1.87 17 1.2 6 110 40 1 70 36.036036036036 0.900900900900901 63.0630630630631 NA NA NA NA NA 0.45 NA 0.135 NA "P08" "081978" "P08_081978" NA NA NA 547597.916553167 5597489.88367085 63.9337749672504 247.655679007636
"1978-08-08" 1978-08-08 "P09" NA "0.41319444444444442" NA NA 3.6 10.3 6.77 653 3.7 42.2 0.68 6.3 1 0.5 140 90 3 46 64.7482014388489 2.15827338129496 33.0935251798561 NA NA NA "Sp. Ersetzt durch 0.5" NA 0.375 NA 0.1125 NA "P09" "081978" "P09_081978" NA NA NA 547553.113685783 5597640.34369399 83.1112019991984 177.298630876248
"1978-08-08" 1978-08-08 "P11" NA "0.38541666666666669" NA NA 2.6 12.6 6.72 302 1.86 47.5 3.89 38 1.6 1 340 160 15 170 46.3768115942029 4.34782608695652 49.2753623188406 NA NA NA NA NA 0.6 NA 0.18 NA "P11" "081978" "P11_081978" NA NA NA 547659.829176992 5597925.38870853 25.2460520856778 25.2460520856778
"1978-08-08" 1978-08-08 "P12" NA "0.35069444444444442" NA NA NA NA NA NA NA NA NA NA NA NA NA NA NA NA NA NA NA NA NA NA "k,W," NA NA NA NA NA "P12" "081978" "P12_081978" NA NA NA 547534.416426167 5598038.10143395 127.400093596062 127.400093596062
"1978-08-08" 1978-08-08 "P13" NA "0.34722222222222227" NA NA NA NA NA NA NA NA NA NA NA NA NA NA NA NA NA NA NA NA NA NA "k,W," NA NA NA NA NA "P13" "081978" "P13_081978" NA NA NA 547493.141343616 5598135.46829535 183.306089631364 183.306089631364
"1978-08-09" 1978-08-09 "P06" NA "0.3923611111111111" NA NA NA NA NA NA NA NA NA NA NA NA NA NA NA NA NA NA NA NA NA NA NA NA NA NA NA NA "P06" "081978" "P06_081978" NA NA NA 547763.369661851 5597644.92981428 5.24542974830661 43.6134979887314
"1978-08-09" 1978-08-09 "P24" NA "0.40625" NA NA 3.5 10.6 7.02 1015 4.32 27.8 1.03 9.6 0.8 3 370 140 23 210 37.5335120643432 6.16621983914209 56.3002680965147 NA NA NA NA NA 0.3 NA 0.09 NA "P24" "081978" "P24_081978" NA NA NA 547383.603624541 5597620.14712582 5.50142533739456 342.890974516111
"1978-08-09" 1978-08-09 "P26" NA "0.36458333333333331" NA NA 4.55 9.9 6.9 448 3.1 42.3 3.23 29 0.4 30 2590 2530 1 58 97.7211278485902 0.0386249517188103 2.240247199691 NA NA NA NA NA 0.15 NA 0.045 NA "P26" "081978" "P26_081978" NA NA NA 547230.674152015 5597626.93811162 118.938984402101 489.947582775275
"1978-08-09" 1978-08-09 "P28" NA "0.34027777777777773" NA NA 3.1 8.9 6.65 394 2.26 41.3 7.44 66 0.5 23 6420 6410 0.5 12 99.8053717399766 0.00778513040093422 0.186843129622421 NA NA NA "Sp. Ersetzt durch 0.5" NA 0.1875 NA 0.05625 NA "P28" "081978" "P28_081978" NA NA NA 547076.950927902 5597619.79434734 235.275365930542 642.263131525091
"1978-08-09" 1978-08-09 "Ful" NA "0.39930555555555558" NA NA NA 13.5 7.5 308 1.66 43.6 NA NA 3 840 3120 2640 230 254 84.5070422535211 7.36235595390525 8.13060179257362 NA NA NA NA NA 1.125 NA 0.3375 NA "Ful" "081978" "Ful_081978" NA NA NA 547759.094909668 5597688.33331299 0 2.33465325998646e-09
"1978-08-09" 1978-08-09 "Sei" NA "0.39583333333333331" NA NA NA 13 7.48 241 1.78 21.4 NA NA 3.2 510 4590 4400 86 100 95.9441779328391 1.87527256868731 2.18054949847362 NA NA NA NA NA 1.2 NA 0.36 NA "Sei" "081978" "Sei_081978" NA NA NA 547768.354841584 5597643.29771444 0 4
"1978-07-20" 1978-07-20 "P26" NA "0.34027777777777773" NA NA 4 9.5 6.93 451 3.02 3.25 3.43 31 0.4 9 2480 2470 0 15 99.3963782696177 0 0.603621730382294 NA NA NA "n.n. ersetzt durch 0" NA 0.15 NA 0.045 NA "P26" "071978" "P26_071978" NA NA NA 547230.674152015 5597626.93811162 118.938984402101 489.947582775275
"1978-07-20" 1978-07-20 "P26" "2" "0.34722222222222227" NA NA 2.2 12.3 NA NA NA NA 8.05 78 1.3 1 335 235 14 85 70.3592814371257 4.19161676646707 25.4491017964072 NA NA NA NA NA 0.4875 NA 0.14625 "2" "P26_2" "071978" "P26_2_071978" NA NA NA 547230.674152015 5597626.93811162 118.938984402101 489.947582775275
"1978-07-20" 1978-07-20 "P26" "3" "0.3576388888888889" NA NA 3 10.2 6.37 374 2.38 34.1 2.07 19 0.6 1 1530 1480 12 40 96.6057441253264 0.783289817232376 2.61096605744125 NA NA NA NA NA 0.225 NA 0.0675 "3" "P26_3" "071978" "P26_3_071978" NA NA NA 547230.674152015 5597626.93811162 118.938984402101 489.947582775275
"1978-07-20" 1978-07-20 "P26" "4" "0.36805555555555558" NA NA 3 10.1 6.52 332 2.08 29.6 3.57 33 0.6 1 890 845 5 40 94.9438202247191 0.561797752808989 4.49438202247191 NA NA NA NA NA 0.225 NA 0.0675 "4" "P26_4" "071978" "P26_4_071978" NA NA NA 547230.674152015 5597626.93811162 118.938984402101 489.947582775275
"1978-07-20" 1978-07-20 "P26" "5" "0.37847222222222227" NA NA 4 9.4 7.02 487 3.2 35.4 4.59 41 0.4 2 4250 4180 5 65 98.3529411764706 0.117647058823529 1.52941176470588 NA NA NA NA NA 0.15 NA 0.045 "5" "P26_5" "071978" "P26_5_071978" NA NA NA 547230.674152015 5597626.93811162 118.938984402101 489.947582775275
"1978-04-26" 1978-04-26 "P09" NA "0.39930555555555558" NA NA 3.6 7 6.73 650 3.24 41.2 0.85 7 0.5 20 20 0 17 23 0 42.5 57.5 NA NA NA NA NA 0.1875 NA 0.05625 NA "P09" "041978" "P09_041978" NA NA NA 547553.113685783 5597640.34369399 83.1112019991984 177.298630876248
"1978-04-26" 1978-04-26 "P26" NA "0.37152777777777773" NA NA 4.55 7.8 6.86 419 2.78 32.5 3.59 31 0.2 23 3710 3680 0 34 99.0845449649973 0 0.915455035002693 NA NA NA "n.n. ersetzt durch 0" NA 0.075 NA 0.0225 NA "P26" "041978" "P26_041978" NA NA NA 547230.674152015 5597626.93811162 118.938984402101 489.947582775275
"1978-04-26" 1978-04-26 "P32" NA "0.34375" NA NA 4.3 7 7.01 328 2.06 32 3.88 33 0.8 26 4960 4910 0.5 53 98.9221315603909 0.0100735368187771 1.06779490279037 NA NA NA "Sp. Ersetzt durch 0.5" NA 0.3 NA 0.09 NA "P32" "041978" "P32_041978" NA NA NA 547620.670765342 5597035.8577628 16.3935506166589 295.030902995258
"1978-04-26" 1978-04-26 "Ful" NA "0.4236111111111111" NA NA NA 9.3 7.86 315 1.38 53 NA NA 1.5 250 4740 4480 74 74 96.8020743301642 1.59896283491789 1.59896283491789 NA NA NA NA NA 0.5625 NA 0.16875 "bei P06" "Ful" "041978" "Ful_041978" NA NA NA 547759.094909668 5597688.33331299 0 2.33465325998646e-09
"1978-01-18" 1978-01-18 "P01" NA "0.46527777777777773" NA NA 4 9.5 6.39 1177 2.97 202.5 1.32 12 0.8 1 240 210 12 17 87.8661087866109 5.02092050209205 7.11297071129707 NA NA NA NA NA 0.3 NA 0.09 NA "P01" "011978" "P01_011978" NA NA NA 547498.962188591 5597801.56346088 15.7520116309279 197.921006683123
"1978-01-18" 1978-01-18 "P03" NA "0.45833333333333331" NA NA 3.2 11.8 6.84 787 4.14 80.4 2.2 21 1.2 18 450 350 0 97 78.2997762863535 0 21.7002237136465 NA NA NA "n.n. ersetzt durch 0" NA 0.45 NA 0.135 NA "P03" "011978" "P03_011978" NA NA NA 547560.433839313 5597833.57810824 11.4637509679278 134.609685300649
"1978-01-18" 1978-01-18 "P04" NA "0.38194444444444442" NA NA 3.3 12.3 6.74 339 3.28 26.3 2.51 24 0.8 7 250 170 23 61 66.9291338582677 9.05511811023622 24.0157480314961 NA NA NA NA NA 0.3 NA 0.09 NA "P04" "011978" "P04_011978" NA NA NA 547799.529456393 5597213.6581184 83.3823591725279 171.421887733143
"1978-01-18" 1978-01-18 "P05" NA "0.39930555555555558" NA NA 2.8 10.7 7.16 899 4.81 54.8 3.66 34 0.6 5 450 300 6 144 66.6666666666667 1.33333333333333 32 NA NA NA NA NA 0.225 NA 0.0675 NA "P05" "011978" "P05_011978" NA NA NA 547771.483566968 5597426.91271157 135.964919243589 135.964919243589
"1978-01-18" 1978-01-18 "P06" NA "0.41319444444444442" NA NA NA NA NA NA NA NA NA NA NA NA NA NA NA NA NA NA NA NA NA NA NA NA NA NA NA NA "P06" "011978" "P06_011978" NA NA NA 547763.369661851 5597644.92981428 5.24542974830661 43.6134979887314
"1978-01-18" 1978-01-18 "P10" NA "0.4201388888888889" NA NA 3.6 13.4 6.91 504 3.81 52 5.98 59 0.8 1 150 100 0.5 52 65.5737704918033 0.327868852459016 34.0983606557377 NA NA NA "Sp. Ersetz durch 0.5" NA 0.3 NA 0.09 NA "P10" "011978" "P10_011978" NA NA NA 547661.416680167 5597787.80510003 42.0833938384613 42.0833938384613
"1978-01-18" 1978-01-18 "P11" NA "0.44097222222222227" NA NA 2.2 12 6.73 315 1.77 47.7 4.48 43 1.6 3 580 410 70 97 71.0571923743501 12.1317157712305 16.8110918544194 NA NA NA NA NA 0.6 NA 0.18 NA "P11" "011978" "P11_011978" NA NA NA 547659.829176992 5597925.38870853 25.2460520856778 25.2460520856778
"1978-01-18" 1978-01-18 "P12" NA NA NA NA NA NA NA NA NA NA NA NA NA NA NA NA NA NA NA NA NA NA NA NA "k W." NA NA NA NA NA "P12" "011978" "P12_011978" NA NA NA 547534.416426167 5598038.10143395 127.400093596062 127.400093596062
"1978-01-18" 1978-01-18 "P13" NA NA NA NA NA NA NA NA NA NA NA NA NA NA NA NA NA NA NA NA NA NA NA NA "k W." NA NA NA NA NA "P13" "011978" "P13_011978" NA NA NA 547493.141343616 5598135.46829535 183.306089631364 183.306089631364
"1978-01-18" 1978-01-18 "P31" NA "0.3611111111111111" NA NA 4.1 NA 6.2 244 1.98 26.3 2.47 23 1.4 6 480 270 9 197 56.7226890756302 1.89075630252101 41.3865546218487 NA NA NA NA NA 0.525 NA 0.1575 NA "P31" "011978" "P31_011978" NA NA NA 547949.283922568 5597148.57048822 6.06638807236321 71.8322427497757
"1978-01-18" 1978-01-18 "Ful" NA NA NA NA NA 12.2 7.54 270 1.8 36.4 NA NA 1.6 480 2620 2280 150 193 86.923370186809 5.71864277544796 7.35798703774304 NA NA NA NA NA 0.6 NA 0.18 "bei P06" "Ful" "011978" "Ful_011978" NA NA NA 547759.094909668 5597688.33331299 0 2.33465325998646e-09
"1978-01-18" 1978-01-18 "Sei" NA NA NA NA NA 13 7.45 250 1.84 22.7 NA NA 3.8 670 5130 4580 182 370 89.2439594699922 3.54637568199532 7.20966484801247 NA NA NA NA NA 1.425 NA 0.4275 "bei P06" "Sei" "011978" "Sei_011978" NA NA NA 547768.354841584 5597643.29771444 0 4
"1978-07-19" 1978-07-19 "P07" NA "0.42708333333333331" NA NA 3.7 9.8 6.98 622 5.68 71.1 1.45 13 0.4 1 20 0 18 9 0 66.6666666666667 33.3333333333333 NA NA NA NA NA 0.15 NA 0.045 NA "P07" "071978" "P07_071978" NA NA NA 547621.729100792 5597291.44577397 212.634119292897 313.413206998357
"1978-07-19" 1978-07-19 "P08" NA "0.40625" NA NA 3.3 10.1 6.88 441 2.96 43.2 1.83 17 1.2 1 250 140 3 104 56.6801619433198 1.21457489878543 42.1052631578947 NA NA NA NA NA 0.45 NA 0.135 NA "P08" "071978" "P08_071978" NA NA NA 547597.916553167 5597489.88367085 63.9337749672504 247.655679007636
"1978-07-19" 1978-07-19 "P09" NA "0.3888888888888889" NA NA 3.2 9.8 6.8 674 3.66 37.8 0.54 4.9 1 0 120 40 27 49 34.4827586206897 23.2758620689655 42.2413793103448 NA NA NA "n.n. ersetzt durch 0" NA 0.375 NA 0.1125 NA "P09" "071978" "P09_071978" NA NA NA 547553.113685783 5597640.34369399 83.1112019991984 177.298630876248
"1978-07-19" 1978-07-19 "P22" NA "0.34027777777777773" NA NA NA NA NA NA NA NA NA NA NA NA NA NA NA NA NA NA NA NA NA NA NA NA NA NA NA NA "P22" "071978" "P22_071978" NA NA NA 547382.721678333 5598081.31679816 251.332720303273 283.099343058577
"1978-07-19" 1978-07-19 "P23" NA "0.34722222222222227" NA NA 3.2 11.6 7.15 593 4.8 17.9 2.43 23 1 3 1290 1260 3 23 97.9782270606532 0.233281493001555 1.78849144634526 NA NA NA NA NA 0.375 NA 0.1125 NA "P23" "071978" "P23_071978" NA NA NA 547296.290949916 5597953.96376568 268.971293943837 369.874657063021
"1978-07-19" 1978-07-19 "P24" NA "0.3611111111111111" NA NA 3 10 7.03 992 4.5 39.5 0.86 7.9 0.8 1 470 220 27 227 46.4135021097046 5.69620253164557 47.8902953586498 NA NA NA NA NA 0.3 NA 0.09 NA "P24" "071978" "P24_071978" NA NA NA 547383.603624541 5597620.14712582 5.50142533739456 342.890974516111
"1978-07-19" 1978-07-19 "P25" NA "0.375" NA NA 4.2 9.4 6.29 256 2.5 21.7 1.65 15 2.6 3 430 130 9 290 30.3030303030303 2.0979020979021 67.5990675990676 NA NA NA NA NA 0.975 NA 0.2925 NA "P25" "071978" "P25_071978" NA NA NA 547416.500218112 5597383.87373661 6.69597931636695 443.148617361448
"1978-07-19" 1978-07-19 "P27" NA "0.45833333333333331" NA NA 3.5 9.9 7.02 1060 4.98 140.9 2.76 25 0.6 6 1320 1300 1 15 98.7841945288754 0.0759878419452888 1.13981762917933 NA NA NA NA NA 0.225 NA 0.0675 NA "P27" "071978" "P27_071978" NA NA NA 547181.46155359 5597345.77366041 14.1024545094393 648.73917502567
"1978-07-19" 1978-07-19 "P28" NA "0.47569444444444442" NA NA 4.7 8.8 6.66 181 2.52 43.5 7.33 65 0.5 20 6220 6200 0.5 15 99.7506234413965 0.00804440511624165 0.24133215348725 NA NA NA "Sp. Ersetz durch 0.5" NA 0.1875 NA 0.05625 NA "P28" "071978" "P28_071978" NA NA NA 547076.950927902 5597619.79434734 235.275365930542 642.263131525091
"1978-07-19" 1978-07-19 "P32" NA "0.43402777777777773" NA NA 4 9.5 7.23 575 5.04 56.7 2.88 26 0.6 11 310 290 1 17 94.1558441558442 0.324675324675325 5.51948051948052 NA NA NA NA NA 0.225 NA 0.0675 NA "P32" "071978" "P32_071978" NA NA NA 547620.670765342 5597035.8577628 16.3935506166589 295.030902995258
"1978-06-13" 1978-06-13 "P01" NA "0.36458333333333331" NA NA 4 8.1 6.38 974 2.34 102.2 1.82 16 0.8 3 590 560 12 20 94.5945945945946 2.02702702702703 3.37837837837838 NA NA NA NA NA 0.3 NA 0.09 NA "P01" "061978" "P01_061978" NA NA NA 547498.962188591 5597801.56346088 15.7520116309279 197.921006683123
"1978-06-13" 1978-06-13 "P07" NA "0.42708333333333331" NA NA 3.7 8.2 7 625 5.66 75 1.69 15 0.4 3 20 0 15 12 0 55.5555555555556 44.4444444444444 NA NA NA NA NA 0.15 NA 0.045 NA "P07" "061978" "P07_061978" NA NA NA 547621.729100792 5597291.44577397 212.634119292897 313.413206998357
"1978-06-13" 1978-06-13 "P08" NA "0.40972222222222227" NA NA 3.3 8.4 6.94 432 3.1 43.5 2.09 18 0.8 1 270 130 1 136 48.689138576779 0.374531835205993 50.936329588015 NA NA NA NA NA 0.3 NA 0.09 NA "P08" "061978" "P08_061978" NA NA NA 547597.916553167 5597489.88367085 63.9337749672504 247.655679007636
"1978-06-13" 1978-06-13 "P09" NA "0.3923611111111111" NA NA 3.3 8.4 6.78 697 3.62 46 0.79 7 1 1 180 130 6 52 69.1489361702128 3.19148936170213 27.6595744680851 NA NA NA NA NA 0.375 NA 0.1125 NA "P09" "061978" "P09_061978" NA NA NA 547553.113685783 5597640.34369399 83.1112019991984 177.298630876248
"1978-06-13" 1978-06-13 "Ful" NA "0.4513888888888889" NA NA NA 10.2 7.47 302 1.52 52.4 NA NA 1.6 480 3460 3010 180 267 87.0697136245299 5.20682672837721 7.72345964709285 NA NA NA NA NA 0.6 NA 0.18 "bei P06" "Ful" "061978" "Ful_061978" NA NA NA 547759.094909668 5597688.33331299 0 2.33465325998646e-09
"1978-06-20" 1978-06-20 "P03" NA "0.3611111111111111" NA NA 3.9 NA 6.79 760 3.8 91.7 2.21 20 0.8 6 540 520 0 17 96.8342644320298 0 3.1657355679702 NA NA NA "n.n. ersetzt durch 0" NA 0.3 NA 0.09 NA "P03" "061978" "P03_061978" NA NA NA 547560.433839313 5597833.57810824 11.4637509679278 134.609685300649
"1978-06-20" 1978-06-20 "P06" NA "0.35069444444444442" NA NA NA NA NA NA NA NA NA NA NA NA NA NA NA NA NA NA NA NA NA NA NA NA NA NA NA NA "P06" "061978" "P06_061978" NA NA NA 547763.369661851 5597644.92981428 5.24542974830661 43.6134979887314
"1978-06-20" 1978-06-20 "P11" NA "0.375" NA NA 2.6 11.1 6.76 333 1.72 53.5 4.93 46 1.6 5 480 330 35 111 69.327731092437 7.35294117647059 23.3193277310924 NA NA NA NA NA 0.6 NA 0.18 NA "P11" "061978" "P11_061978" NA NA NA 547659.829176992 5597925.38870853 25.2460520856778 25.2460520856778
"1978-06-20" 1978-06-20 "P24" NA "0.3923611111111111" NA NA 3.5 9.1 7.06 885 4.81 40 1.92 17 0.6 3 370 200 9 166 53.3333333333333 2.4 44.2666666666667 NA NA NA NA NA 0.225 NA 0.0675 NA "P24" "061978" "P24_061978" NA NA NA 547383.603624541 5597620.14712582 5.50142533739456 342.890974516111
"1978-06-20" 1978-06-20 "P26" NA "0.40277777777777773" NA NA 4.5 9.1 6.87 438 3.08 35.2 4.04 36 0.4 6 2630 2620 0.5 6 99.7525223681706 0.0190367409099562 0.228440890919475 NA NA NA "Sp. Ersetz durch 0.5" NA 0.15 NA 0.045 NA "P26" "061978" "P26_061978" NA NA NA 547230.674152015 5597626.93811162 118.938984402101 489.947582775275
"1978-06-20" 1978-06-20 "P28" NA "0.43055555555555558" NA NA 5.3 8.2 6.65 386 2.52 43.2 7.76 68 0.2 26 6310 6300 0 12 99.8098859315589 0 0.190114068441065 NA NA NA "n.n. ersetzt durch 0" NA 0.075 NA 0.0225 NA "P28" "061978" "P28_061978" NA NA NA 547076.950927902 5597619.79434734 235.275365930542 642.263131525091
"1978-06-20" 1978-06-20 "Sei" NA "0.35416666666666669" NA NA NA 11.5 7.35 203 1.46 20.6 NA NA 2.1 320 3360 2850 205 304 84.8466805596904 6.10300684727598 9.05031259303364 NA NA NA NA NA 0.7875 NA 0.23625 "bei P06" "Sei" "061978" "Sei_061978" NA NA NA 547768.354841584 5597643.29771444 0 4
"1978-05-24" 1978-05-24 "P06" "1" NA 0.8 NA 1 10.9 6.62 289 1.58 24.7 6.86 64 3.6 92 6390 5990 16 380 93.7989351706859 0.250548073911682 5.95051675540244 NA NA NA NA NA 1.35 NA 0.405 "1" "P06_1" "051978" "P06_1_051978" NA NA NA 547763.369661851 5597644.92981428 5.24542974830661 43.6134979887314
"1978-05-24" 1978-05-24 "P06" "2" NA 0.8 NA 1 11.2 6.85 285 1.59 24.5 7.77 73 4.6 121 6670 5900 37 730 88.4955752212389 0.554972251387431 10.9494525273736 NA NA NA NA NA 1.725 NA 0.5175 "2" "P06_2" "051978" "P06_2_051978" NA NA NA 547763.369661851 5597644.92981428 5.24542974830661 43.6134979887314
"1978-05-24" 1978-05-24 "P06" "3" NA 0.8 NA 1.25 10.8 6.67 312 1.82 25 7.47 70 4.4 119 6370 5640 14 720 88.484468151867 0.219642296830875 11.2958895513022 NA NA NA NA NA 1.65 NA 0.495 "3" "P06_3" "051978" "P06_3_051978" NA NA NA 547763.369661851 5597644.92981428 5.24542974830661 43.6134979887314
"1978-05-24" 1978-05-24 "P06" "4" NA 0.8 NA 1.5 NA 6.68 282 1.55 23.2 5.27 49 3.8 81 5520 5340 14 170 96.6690803765387 0.253439536567705 3.07748008689356 NA NA NA NA NA 1.425 NA 0.4275 "4" "P06_4" "051978" "P06_4_051978" NA NA NA 547763.369661851 5597644.92981428 5.24542974830661 43.6134979887314
"1978-05-24" 1978-05-24 "P06" "5" NA 0.8 NA 2 9.2 7.03 342 2.36 24.5 4.86 44 3.6 15 5420 5330 7 80 98.3939449880007 0.129222817057412 1.47683219494185 NA NA NA NA NA 1.35 NA 0.405 "5" "P06_5" "051978" "P06_5_051978" NA NA NA 547763.369661851 5597644.92981428 5.24542974830661 43.6134979887314
"1978-05-24" 1978-05-24 "P06" "6" NA 0.8 NA 2.5 10.1 6.75 303 1.96 24.7 3.92 36 4 94 6110 5970 9 130 97.724668521853 0.147323620887216 2.12800785725978 NA NA NA NA NA 1.5 NA 0.45 "6" "P06_6" "051978" "P06_6_051978" NA NA NA 547763.369661851 5597644.92981428 5.24542974830661 43.6134979887314
"1978-05-24" 1978-05-24 "P26" "1" NA 1.46 NA NA NA NA NA NA NA NA NA NA NA NA NA NA NA NA NA NA NA NA NA NA NA NA NA NA "1" "P26_1" "051978" "P26_1_051978" NA NA NA 547230.674152015 5597626.93811162 118.938984402101 489.947582775275
"1978-05-24" 1978-05-24 "P26" "2" NA 1.46 NA 1.8 8.8 6.51 293 0.89 35.1 4.12 37 1 2 640 520 9 110 81.377151799687 1.40845070422535 17.2143974960876 NA NA NA NA NA 0.375 NA 0.1125 "2" "P26_2" "051978" "P26_2_051978" NA NA NA 547230.674152015 5597626.93811162 118.938984402101 489.947582775275
"1978-05-24" 1978-05-24 "P26" "3" NA 1.46 NA 2.5 8.1 6.66 342 1.72 29.7 7.9 69 0.6 1 1580 1510 19 50 95.6301456618113 1.20329322355921 3.16656111462951 NA NA NA NA NA 0.225 NA 0.0675 "3" "P26_3" "051978" "P26_3_051978" NA NA NA 547230.674152015 5597626.93811162 118.938984402101 489.947582775275
"1978-05-24" 1978-05-24 "P26" "4" NA 1.46 NA 3 8.1 6.54 312 1.63 28.9 1.25 11 0.6 1 945 880 12 55 92.9250263991552 1.26715945089757 5.8078141499472 NA NA NA NA NA 0.225 NA 0.0675 "4" "P26_4" "051978" "P26_4_051978" NA NA NA 547230.674152015 5597626.93811162 118.938984402101 489.947582775275
"1978-05-24" 1978-05-24 "P26" "5" NA 1.46 NA 3.5 8.2 7.07 480 2.82 33.1 4.34 38 0.4 2 4030 3970 2 60 98.4623015873016 0.0496031746031746 1.48809523809524 NA NA NA NA NA 0.15 NA 0.045 "5" "P26_5" "051978" "P26_5_051978" NA NA NA 547230.674152015 5597626.93811162 118.938984402101 489.947582775275
"1978-05-24" 1978-05-24 "Sei" NA NA NA NA NA 10.7 7.39 294 1.47 26.7 NA NA 6.9 122 7780 4670 84 3030 59.9948612538541 1.07913669064748 38.9260020554985 NA NA NA NA NA 2.5875 NA 0.77625 "bei P06" "Sei" "051978" "Sei_051978" NA NA NA 547768.354841584 5597643.29771444 0 4
"1980-04-30" 1980-04-30 "P26" NA "ignoriert" NA NA 4.5 7.5 6.95 476 2.09 46.4 4.27 36.8 NA NA NA NA NA NA NA NA NA NA NA NA NA NA NA NA NA NA "P26" "041980" "P26_041980" 132.18 122.53 9.66 547230.674152015 5597626.93811162 118.938984402101 489.947582775275
"1980-05-29" 1980-05-29 "P26" NA NA NA NA 4.5 8.1 7.06 486 2.7 29.2 3.49 30.5 0.6 15 4340 4240 12 90 97.6508521418701 0.276370336250576 2.07277752187932 NA NA NA NA NA 0.225 NA 0.0675 NA "P26" "051980" "P26_051980" 272.72 243.51 29.21 547230.674152015 5597626.93811162 118.938984402101 489.947582775275
"1980-06-11" 1980-06-11 "P26" NA NA NA NA 4.5 8.5 7.15 511 2.74 32.6 4.41 38.9 0.6 29 3230 3450 12 65 97.816841508364 0.340232492203005 1.84292599943295 NA NA NA NA NA 0.225 NA 0.0675 NA "P26" "061980" "P26_061980" NA NA NA 547230.674152015 5597626.93811162 118.938984402101 489.947582775275
"1980-06-25" 1980-06-25 "P26" NA NA NA NA 4.5 8.5 6.87 493 2.76 41.4 3.97 35 1.8 23 3210 3440 5 95 97.1751412429379 0.141242937853107 2.68361581920904 NA NA NA NA NA 0.675 NA 0.2025 NA "P26" "061980" "P26_061980" NA NA NA 547230.674152015 5597626.93811162 118.938984402101 489.947582775275
"1980-07-08" 1980-07-08 "P26" NA NA NA NA 4.5 9 6.76 507 2.62 40.2 3.5 29.9 2.5 23 2880 2810 7 60 97.6711852624261 0.24330900243309 2.08550573514077 NA NA NA NA NA 0.9375 NA 0.28125 NA "P26" "071980" "P26_071980" NA NA NA 547230.674152015 5597626.93811162 118.938984402101 489.947582775275
"1980-07-23" 1980-07-23 "P26" NA NA NA NA 4.5 12.2 5.84 348 1.11 31.2 4.75 45.8 0.6 12 180 155 5 20 86.1111111111111 2.77777777777778 11.1111111111111 NA NA NA NA NA 0.225 NA 0.0675 NA "P26" "071980" "P26_071980" NA NA NA 547230.674152015 5597626.93811162 118.938984402101 489.947582775275
"1980-08-06" 1980-08-06 "P26" NA NA NA NA 4.5 10.1 6.62 536 2.82 41.5 3.01 27.6 1.1 19 18580 8460 6 110 98.6473880597015 0.0699626865671642 1.28264925373134 NA NA NA NA NA 0.4125 NA 0.12375 NA "P26" "081980" "P26_081980" NA NA NA 547230.674152015 5597626.93811162 118.938984402101 489.947582775275
"1980-12-16" 1980-12-16 "P26" NA NA 0.9 254.28 4.5 5.3 6.21 340 0.81 42.6 10.9 88.8 1.9 11 22400 32230 6 160 99.4875910606248 0.018520805037659 0.493888134337573 NA NA NA NA NA 0.7125 NA 0.21375 NA "P26" "121980" "P26_121980" NA NA 1460 547230.674152015 5597626.93811162 118.938984402101 489.947582775275
"1981-01-13" 1981-01-13 "P26" NA NA NA NA 4.5 4.6 5.77 739 0.22 55.9 7.98 63.8 2.8 5 16000 15860 7 130 99.1435894230168 0.0437582046633744 0.81265237231981 NA NA NA NA NA 1.05 NA 0.315 NA "P26" "011981" "P26_011981" NA NA NA 547230.674152015 5597626.93811162 118.938984402101 489.947582775275
"1981-01-20" 1981-01-20 "P26" NA NA NA NA 4.5 4.4 5.68 766 0.4 58.9 6.91 54.9 2.5 3 16740 16630 7 100 99.3606978550517 0.0418235048097031 0.597478640138615 NA NA NA NA NA 0.9375 NA 0.28125 NA "P26" "011981" "P26_011981" NA NA NA 547230.674152015 5597626.93811162 118.938984402101 489.947582775275
"1981-01-27" 1981-01-27 "P26" NA NA NA NA 4.5 7.1 6.53 548 2.03 49 4.41 37.6 0.8 7 10610 10460 6 140 98.6234207052612 0.0565717518385819 1.32000754290025 NA NA NA NA NA 0.3 NA 0.09 NA "P26" "011981" "P26_011981" NA NA NA 547230.674152015 5597626.93811162 118.938984402101 489.947582775275
"1981-02-10" 1981-02-10 "P26" NA NA NA NA 4.5 2.7 6.16 388 0.31 58 9.85 74.9 2.8 38 28590 28370 8 210 99.2374422834756 0.02798376941374 0.734573947110676 NA NA NA NA NA 1.05 NA 0.315 NA "P26" "021981" "P26_021981" NA NA NA 547230.674152015 5597626.93811162 118.938984402101 489.947582775275
"1981-02-17" 1981-02-17 "P26" NA NA NA NA 4.5 2.9 7.55 492 0.82 58.2 8.32 63.6 1.7 11 23330 23190 10 130 99.3999142734676 0.042863266180883 0.557222460351479 NA NA NA NA NA 0.6375 NA 0.19125 NA "P26" "021981" "P26_021981" NA NA NA 547230.674152015 5597626.93811162 118.938984402101 489.947582775275
"1981-02-23" 1981-02-23 "P26" NA NA NA NA 4.5 3.8 6.22 657 1.17 55.6 7.7 60.3 1.7 7 18930 18790 6 130 99.2814118144352 0.0317024199513896 0.686885765613442 NA NA NA NA NA 0.6375 NA 0.19125 NA "P26" "021981" "P26_021981" NA NA NA 547230.674152015 5597626.93811162 118.938984402101 489.947582775275
"1981-03-09" 1981-03-09 "P26" NA NA NA NA 4.5 3.3 5.97 422 0.41 57.7 9.45 73 1.7 5 24590 24390 7 190 99.1987635742466 0.0284703298491073 0.77276609590434 NA NA NA NA NA 0.6375 NA 0.19125 NA "P26" "031981" "P26_031981" NA NA NA 547230.674152015 5597626.93811162 118.938984402101 489.947582775275
"1981-03-23" 1981-03-23 "P26" NA NA NA NA 4.5 4.9 5.53 682 0.5 58.8 6.51 52.5 1.7 3 22760 22640 7 110 99.4858724787977 0.0307597662257767 0.483367754976491 NA NA NA NA NA 0.6375 NA 0.19125 NA "P26" "031981" "P26_031981" NA NA NA 547230.674152015 5597626.93811162 118.938984402101 489.947582775275
"1981-04-07" 1981-04-07 "P26" NA NA NA NA 4.5 6.8 6.16 621 1.85 55.6 4.86 41.1 1.7 5 20040 19910 14 120 99.3314707643185 0.0698463380562762 0.598682897625225 NA NA NA NA NA 0.6375 NA 0.19125 NA "P26" "041981" "P26_041981" NA NA 1163.33333333333 547230.674152015 5597626.93811162 118.938984402101 489.947582775275
"1981-04-22" 1981-04-22 "P26" NA NA NA NA 4.5 7.4 6.63 525 2.64 53.6 5.26 45.2 1.1 15 12800 12650 7 140 98.8512932718606 0.0547003203875908 1.09400640775182 NA NA NA NA NA 0.4125 NA 0.12375 NA "P26" "041981" "P26_041981" NA NA 1163.33333333333 547230.674152015 5597626.93811162 118.938984402101 489.947582775275
"1983-06-14" 1983-06-14 "P26" NA NA NA NA 4 8.6 NA NA NA NA 3.6 NA NA NA NA NA NA NA NA NA NA NA NA NA NA NA NA NA NA NA "P26" "061983" "P26_061983" 321.6 292 29.6 547230.674152015 5597626.93811162 118.938984402101 489.947582775275
